Experimentos/Kriking/kriging_ordinario_var.asc
NCOLS          450       
NROWS          450       
XLLCENTER      -8789850.00
YLLCENTER      45000.00  
DX             522.00    
DY             555.00    
NODATA_VALUE   -999.00   
[rows 315 to 349 of 450, columns 237 to 315 of 450]
18.54 18.60 18.74 18.98 19.31 19.72 20.20 20.71 21.22 21.70 22.12 22.48 22.75 22.93 23.01 23.01 22.95 22.83 22.68 22.52 22.39 22.29 22.23 22.23 22.28 22.35 22.44 22.53 22.58 22.59 22.53 22.40 22.19 21.90 21.53 21.10 20.63 20.13 19.63 19.14 18.70 18.29 17.92 17.59 17.28 16.97 16.69 16.42 16.18 15.99 15.87 15.80 15.79 15.80 15.83 15.86 15.87 15.87 15.88 15.94 16.05 16.25 16.54 16.91 17.34 17.79 18.22 18.59 18.88 19.05 19.11 19.03 18.82 18.51 18.12 17.68 17.23 16.80 16.43
17.88 17.78 17.81 17.98 18.31 18.77 19.34 19.96 20.61 21.24 21.82 22.33 22.75 23.08 23.31 23.45 23.51 23.50 23.46 23.38 23.29 23.21 23.15 23.10 23.08 23.06 23.03 22.99 22.91 22.77 22.58 22.31 21.96 21.53 21.03 20.48 19.88 19.27 18.68 18.15 17.68 17.30 16.99 16.73 16.51 16.29 16.07 15.86 15.66 15.50 15.40 15.36 15.38 15.42 15.48 15.51 15.51 15.50 15.49 15.52 15.63 15.83 16.14 16.55 17.02 17.51 17.98 18.39 18.70 18.90 18.95 18.86 18.64 18.30 17.87 17.39 16.89 16.43 16.03
16.93 16.65 16.56 16.68 17.02 17.56 18.25 19.04 19.85 20.66 21.41 22.09 22.67 23.14 23.51 23.78 23.95 24.04 24.07 24.06 24.01 23.94 23.86 23.77 23.67 23.57 23.44 23.28 23.08 22.82 22.49 22.09 21.61 21.04 20.40 19.69 18.95 18.21 17.50 16.88 16.38 16.02 15.77 15.60 15.47 15.34 15.18 14.99 14.80 14.64 14.56 14.55 14.62 14.72 14.81 14.87 14.86 14.82 14.76 14.74 14.82 15.02 15.37 15.85 16.41 16.99 17.55 18.02 18.39 18.61 18.67 18.57 18.32 17.92 17.42 16.85 16.27 15.72 15.25
15.70 15.21 14.98 15.05 15.43 16.10 16.96 17.95 18.98 19.99 20.93 21.78 22.52 23.13 23.63 24.01 24.28 24.45 24.55 24.58 24.55 24.48 24.38 24.24 24.09 23.90 23.67 23.41 23.10 22.72 22.28 21.75 21.13 20.43 19.63 18.77 17.86 16.94 16.08 15.34 14.78 14.43 14.27 14.22 14.21 14.16 14.04 13.85 13.62 13.44 13.35 13.39 13.53 13.72 13.89 13.98 13.96 13.85 13.70 13.59 13.61 13.83 14.25 14.84 15.54 16.26 16.94 17.52 17.95 18.22 18.29 18.17 17.87 17.40 16.80 16.10 15.37 14.68 14.11
14.22 13.47 13.05 13.06 13.54 14.39 15.51 16.75 18.03 19.26 20.41 21.43 22.32 23.07 23.68 24.16 24.51 24.75 24.90 24.95 24.94 24.86 24.72 24.54 24.32 24.05 23.74 23.38 22.97 22.49 21.93 21.29 20.56 19.72 18.78 17.74 16.64 15.51 14.43 13.52 12.86 12.53 12.49 12.62 12.77 12.82 12.73 12.49 12.17 11.89 11.77 11.87 12.14 12.48 12.77 12.91 12.86 12.66 12.36 12.10 12.02 12.23 12.76 13.54 14.45 15.37 16.22 16.92 17.45 17.76 17.85 17.71 17.35 16.79 16.04 15.17 14.24 13.34 12.60
12.56 11.45 10.77 10.72 11.35 12.50 13.95 15.52 17.08 18.55 19.89 21.09 22.12 22.98 23.69 24.25 24.67 24.96 25.13 25.21 25.18 25.08 24.91 24.68 24.39 24.04 23.65 23.20 22.69 22.12 21.47 20.74 19.90 18.95 17.88 16.67 15.36 13.98 12.62 11.43 10.61 10.30 10.46 10.86 11.25 11.44 11.35 11.00 10.49 10.02 9.81 10.00 10.49 11.07 11.54 11.76 11.68 11.33 10.80 10.28 10.02 10.24 10.95 12.01 13.21 14.39 15.44 16.30 16.92 17.29 17.40 17.24 16.82 16.14 15.24 14.15 12.95 11.76 10.75
10.84 9.23 8.14 8.00 8.93 10.55 12.45 14.38 16.23 17.93 19.46 20.79 21.94 22.90 23.69 24.31 24.77 25.09 25.28 25.35 25.31 25.18 24.96 24.67 24.30 23.88 23.40 22.87 22.28 21.63 20.90 20.10 19.19 18.16 16.98 15.63 14.12 12.47 10.75 9.15 8.03 7.74 8.25 9.08 9.79 10.15 10.05 9.52 8.69 7.85 7.44 7.79 8.67 9.63 10.35 10.67 10.56 10.02 9.16 8.21 7.62 7.83 8.88 10.38 11.96 13.44 14.70 15.71 16.43 16.86 16.99 16.81 16.33 15.55 14.48 13.16 11.65 10.05 8.60
9.34 7.07 5.23 4.93 6.49 8.81 11.22 13.51 15.61 17.49 19.15 20.60 21.83 22.86 23.70 24.35 24.84 25.17 25.35 25.40 25.33 25.15 24.88 24.52 24.08 23.57 23.01 22.39 21.72 21.00 20.23 19.38 18.43 17.36 16.13 14.71 13.06 11.18 9.08 6.90 5.13 4.83 6.04 7.52 8.62 9.14 9.02 8.28 7.01 5.49 4.61 5.34 6.92 8.37 9.37 9.81 9.66 8.92 7.67 6.08 4.80 5.06 6.78 8.89 10.90 12.64 14.09 15.22 16.02 16.50 16.65 16.47 15.95 15.09 13.89 12.37 10.54 8.47 6.37
8.50 5.66 2.61 1.75 4.78 7.81 10.58 13.08 15.32 17.30 19.04 20.54 21.81 22.87 23.73 24.40 24.88 25.20 25.36 25.38 25.27 25.03 24.68 24.24 23.72 23.12 22.47 21.76 21.02 20.25 19.43 18.57 17.63 16.58 15.38 13.97 12.31 10.35 8.04 5.36 2.40 1.87 4.51 6.61 7.97 8.58 8.45 7.57 5.96 3.63 1.25 3.29 5.78 7.63 8.80 9.30 9.13 8.28 6.76 4.56 1.88 2.39 5.33 7.98 10.25 12.15 13.69 14.89 15.74 16.26 16.43 16.25 15.72 14.83 13.57 11.94 9.93 7.54 4.76
8.69 6.00 3.38 2.81 5.22 8.06 10.76 13.22 15.44 17.41 19.14 20.64 21.91 22.96 23.80 24.45 24.92 25.21 25.33 25.30 25.13 24.82 24.39 23.86 23.24 22.54 21.78 20.99 20.17 19.34 18.50 17.66 16.77 15.80 14.71 13.44 11.92 10.12 7.99 5.56 3.14 2.79 4.83 6.73 8.00 8.56 8.42 7.58 6.07 4.02 2.42 3.74 5.89 7.60 8.71 9.19 9.02 8.22 6.79 4.81 2.75 3.10 5.51 7.97 10.14 12.00 13.53 14.73 15.60 16.13 16.33 16.18 15.67 14.81 13.58 11.99 10.04 7.73 5.15
9.83 7.80 6.29 6.08 7.37 9.44 11.71 13.91 15.96 17.82 19.46 20.89 22.11 23.12 23.93 24.54 24.96 25.20 25.27 25.17 24.93 24.54 24.02 23.39 22.65 21.84 20.97 20.06 19.15 18.27 17.42 16.60 15.81 15.00 14.10 13.07 11.84 10.40 8.76 7.09 5.80 5.62 6.52 7.70 8.60 8.99 8.83 8.15 7.05 5.85 5.21 5.72 6.93 8.14 9.00 9.38 9.25 8.61 7.54 6.26 5.33 5.53 6.87 8.66 10.48 12.14 13.56 14.72 15.58 16.12 16.35 16.24 15.80 15.02 13.91 12.49 10.79 8.90 7.07
11.46 10.05 9.15 9.07 9.90 11.37 13.15 15.00 16.80 18.47 19.97 21.29 22.42 23.36 24.09 24.64 25.00 25.18 25.18 25.02 24.69 24.21 23.59 22.84 21.98 21.03 20.02 18.99 17.96 17.00 16.13 15.37 14.71 14.10 13.47 12.77 11.93 10.94 9.86 8.83 8.13 7.99 8.39 9.00 9.49 9.66 9.46 8.91 8.16 7.45 7.12 7.37 8.04 8.82 9.43 9.71 9.61 9.14 8.42 7.66 7.21 7.38 8.23 9.51 10.97 12.40 13.70 14.80 15.64 16.20 16.46 16.41 16.06 15.40 14.47 13.28 11.91 10.49 9.22
13.20 12.25 11.70 11.72 12.32 13.41 14.79 16.31 17.83 19.29 20.62 21.80 22.81 23.65 24.30 24.77 25.06 25.16 25.09 24.84 24.43 23.85 23.12 22.25 21.25 20.15 18.98 17.78 16.60 15.52 14.61 13.90 13.39 13.04 12.75 12.43 12.01 11.49 10.90 10.34 9.96 9.85 9.99 10.24 10.39 10.35 10.04 9.53 8.93 8.42 8.19 8.33 8.77 9.31 9.76 9.97 9.89 9.54 9.02 8.52 8.27 8.44 9.08 10.11 11.34 12.63 13.85 14.90 15.74 16.32 16.63 16.66 16.41 15.89 15.14 14.20 13.14 12.07 11.14
14.85 14.23 13.92 14.01 14.50 15.35 16.45 17.68 18.96 20.19 21.35 22.37 23.26 23.98 24.54 24.92 25.12 25.14 24.98 24.65 24.15 23.47 22.63 21.64 20.49 19.23 17.87 16.46 15.08 13.82 12.80 12.12 11.80 11.76 11.87 11.98 12.00 11.90 11.72 11.50 11.33 11.25 11.25 11.25 11.15 10.88 10.42 9.81 9.17 8.66 8.44 8.55 8.94 9.43 9.84 10.04 9.97 9.64 9.17 8.72 8.50 8.67 9.28 10.26 11.45 12.71 13.92 14.98 15.84 16.46 16.83 16.93 16.79 16.41 15.83 15.09 14.27 13.45 12.73
16.29 15.93 15.80 15.96 16.41 17.11 18.01 19.02 20.08 21.12 22.10 22.98 23.73 24.33 24.78 25.07 25.18 25.12 24.88 24.46 23.87 23.10 22.15 21.04 19.75 18.32 16.76 15.11 13.45 11.92 10.70 9.99 9.89 10.25 10.83 11.40 11.86 12.15 12.29 12.33 12.31 12.26 12.17 12.00 11.69 11.20 10.52 9.70 8.85 8.16 7.85 8.01 8.52 9.14 9.64 9.88 9.79 9.40 8.82 8.23 7.91 8.08 8.80 9.92 11.24 12.61 13.89 15.01 15.92 16.60 17.02 17.20 17.15 16.88 16.44 15.87 15.23 14.57 13.96
17.48 17.33 17.36 17.59 18.02 18.64 19.40 20.25 21.14 22.01 22.84 23.57 24.19 24.68 25.03 25.21 25.24 25.09 24.77 24.28 23.60 22.75 21.71 20.48 19.07 17.49 15.73 13.83 11.84 9.91 8.30 7.45 7.63 8.55 9.70 10.77 11.62 12.24 12.64 12.86 12.95 12.92 12.78 12.49 12.01 11.32 10.39 9.26 8.02 6.94 6.42 6.73 7.59 8.53 9.24 9.57 9.45 8.91 8.06 7.11 6.49 6.68 7.70 9.19 10.82 12.39 13.81 15.02 16.00 16.72 17.20 17.44 17.46 17.28 16.94 16.48 15.95 15.39 14.84
18.40 18.44 18.60 18.91 19.36 19.93 20.60 21.34 22.09 22.83 23.52 24.12 24.63 25.01 25.25 25.35 25.28 25.06 24.67 24.10 23.35 22.43 21.31 20.01 18.50 16.80 14.89 12.78 10.48 8.06 5.77 4.46 5.14 6.90 8.69 10.20 11.38 12.23 12.81 13.16 13.32 13.31 13.13 12.76 12.17 11.32 10.16 8.69 6.95 5.15 4.13 4.85 6.42 7.85 8.82 9.25 9.10 8.39 7.16 5.59 4.28 4.52 6.24 8.35 10.37 12.18 13.75 15.04 16.08 16.84 17.36 17.63 17.69 17.56 17.28 16.89 16.42 15.91 15.40
19.05 19.26 19.56 19.95 20.43 20.99 21.61 22.26 22.92 23.55 24.12 24.62 25.01 25.29 25.44 25.45 25.31 25.01 24.55 23.92 23.12 22.14 20.98 19.62 18.07 16.31 14.33 12.13 9.67 6.94 3.91 1.00 3.15 5.89 8.12 9.88 11.21 12.19 12.85 13.26 13.46 13.46 13.27 12.87 12.22 11.29 10.02 8.35 6.23 3.62 0.95 3.16 5.65 7.46 8.61 9.10 8.94 8.12 6.63 4.45 1.69 2.23 5.23 7.89 10.20 12.16 13.80 15.14 16.19 16.97 17.48 17.76 17.83 17.72 17.45 17.08 16.63 16.14 15.63
19.43 19.81 20.24 20.73 21.26 21.83 22.43 23.03 23.61 24.15 24.63 25.03 25.33 25.52 25.59 25.51 25.30 24.94 24.42 23.74 22.90 21.89 20.70 19.32 17.77 16.02 14.08 11.93 9.59 7.06 4.47 2.72 3.88 6.14 8.20 9.87 11.17 12.12 12.78 13.19 13.39 13.39 13.21 12.82 12.20 11.30 10.07 8.47 6.50 4.26 2.69 3.90 5.96 7.64 8.75 9.24 9.11 8.34 6.95 5.01 3.06 3.42 5.81 8.30 10.53 12.44 14.05 15.35 16.36 17.10 17.59 17.84 17.88 17.73 17.45 17.05 16.58 16.08 15.56
19.57 20.12 20.69 21.27 21.87 22.47 23.06 23.63 24.16 24.63 25.04 25.36 25.57 25.68 25.67 25.53 25.25 24.83 24.27 23.55 22.68 21.65 20.45 19.09 17.57 15.89 14.06 12.10 10.06 8.04 6.33 5.48 5.93 7.24 8.74 10.09 11.19 12.01 12.58 12.93 13.10 13.10 12.95 12.63 12.09 11.32 10.27 8.97 7.49 6.11 5.42 5.90 7.08 8.30 9.20 9.65 9.60 9.04 8.04 6.83 5.97 6.24 7.63 9.48 11.35 13.04 14.49 15.67 16.60 17.26 17.67 17.85 17.82 17.61 17.26 16.80 16.27 15.72 15.17
19.49 20.21 20.93 21.62 22.29 22.93 23.53 24.08 24.57 24.99 25.34 25.59 25.73 25.77 25.69 25.48 25.15 24.68 24.07 23.33 22.44 21.40 20.22 18.89 17.42 15.83 14.13 12.38 10.66 9.10 7.92 7.36 7.56 8.33 9.33 10.33 11.17 11.79 12.21 12.45 12.56 12.56 12.46 12.24 11.85 11.27 10.47 9.50 8.48 7.64 7.27 7.52 8.23 9.07 9.79 10.22 10.28 9.99 9.44 8.82 8.49 8.77 9.69 11.01 12.46 13.84 15.07 16.09 16.87 17.42 17.72 17.81 17.68 17.36 16.90 16.33 15.70 15.06 14.46
19.24 20.14 21.00 21.80 22.55 23.23 23.85 24.39 24.86 25.24 25.53 25.72 25.80 25.77 25.63 25.37 24.98 24.47 23.83 23.06 22.16 21.13 19.97 18.68 17.27 15.75 14.17 12.58 11.07 9.77 8.83 8.39 8.47 8.97 9.67 10.39 10.98 11.39 11.62 11.70 11.72 11.72 11.70 11.62 11.42 11.05 10.49 9.79 9.07 8.51 8.27 8.45 8.97 9.65 10.30 10.77 11.00 10.98 10.79 10.59 10.56 10.87 11.56 12.53 13.63 14.72 15.71 16.54 17.16 17.57 17.75 17.71 17.45 17.00 16.39 15.67 14.88 14.10 13.41
18.86 19.95 20.95 21.86 22.68 23.41 24.05 24.59 25.03 25.38 25.62 25.76 25.78 25.69 25.49 25.17 24.73 24.18 23.51 22.73 21.83 20.81 19.67 18.42 17.05 15.59 14.07 12.54 11.10 9.87 8.98 8.55 8.60 9.02 9.60 10.17 10.58 10.78 10.77 10.65 10.53 10.52 10.62 10.74 10.77 10.62 10.25 9.70 9.10 8.62 8.44 8.63 9.15 9.86 10.58 11.19 11.61 11.85 11.95 12.03 12.19 12.55 13.12 13.87 14.71 15.56 16.33 16.97 17.43 17.70 17.74 17.57 17.17 16.56 15.77 14.84 13.84 12.85 12.00
18.43 19.69 20.82 21.83 22.72 23.49 24.14 24.68 25.11 25.42 25.62 25.70 25.67 25.52 25.26 24.88 24.40 23.81 23.12 22.32 21.42 20.41 19.30 18.08 16.75 15.32 13.81 12.25 10.73 9.38 8.36 7.87 7.96 8.47 9.13 9.69 9.99 9.98 9.69 9.26 8.93 8.90 9.19 9.61 9.93 10.00 9.75 9.23 8.58 8.00 7.77 8.04 8.74 9.66 10.59 11.41 12.05 12.51 12.85 13.12 13.43 13.82 14.33 14.94 15.60 16.27 16.86 17.34 17.66 17.79 17.71 17.40 16.85 16.08 15.09 13.92 12.64 11.35 10.23
18.03 19.43 20.67 21.76 22.70 23.49 24.15 24.69 25.09 25.37 25.52 25.55 25.46 25.26 24.94 24.51 23.97 23.34 22.62 21.81 20.91 19.93 18.85 17.67 16.37 14.96 13.42 11.77 10.06 8.39 7.01 6.33 6.58 7.44 8.38 9.06 9.31 9.10 8.47 7.59 6.87 6.80 7.44 8.32 9.01 9.30 9.12 8.51 7.60 6.69 6.26 6.70 7.80 9.13 10.38 11.46 12.31 12.97 13.48 13.90 14.29 14.72 15.19 15.72 16.27 16.80 17.27 17.62 17.82 17.84 17.64 17.21 16.54 15.61 14.44 13.02 11.42 9.72 8.16
17.72 19.22 20.54 21.67 22.64 23.44 24.10 24.62 24.99 25.23 25.34 25.32 25.17 24.90 24.52 24.03 23.44 22.77 22.01 21.19 20.30 19.34 18.30 17.18 15.93 14.55 13.01 11.27 9.33 7.23 5.16 3.93 4.62 6.21 7.61 8.48 8.74 8.36 7.36 5.86 4.36 4.19 5.58 7.12 8.21 8.70 8.56 7.79 6.48 4.88 3.90 4.77 6.63 8.50 10.11 11.41 12.44 13.23 13.85 14.36 14.82 15.26 15.72 16.20 16.68 17.13 17.51 17.78 17.90 17.83 17.56 17.04 16.27 15.23 13.90 12.29 10.39 8.24 6.01
17.57 19.11 20.45 21.59 22.56 23.36 24.00 24.49 24.83 25.03 25.09 25.01 24.80 24.46 24.01 23.45 22.80 22.07 21.28 20.43 19.55 18.62 17.65 16.60 15.45 14.15 12.67 10.94 8.91 6.53 3.74 0.72 2.99 5.48 7.22 8.21 8.47 7.99 6.77 4.80 2.09 1.56 4.38 6.47 7.80 8.39 8.26 7.40 5.81 3.47 0.67 3.17 5.91 8.15 9.95 11.37 12.48 13.33 14.00 14.55 15.02 15.47 15.93 16.39 16.84 17.25 17.59 17.81 17.89 17.78 17.45 16.89 16.06 14.96 13.56 11.85 9.81 7.42 4.63
17.60 19.11 20.42 21.54 22.48 23.25 23.86 24.31 24.61 24.76 24.76 24.62 24.35 23.94 23.41 22.77 22.05 21.25 20.40 19.53 18.65 17.76 16.86 15.93 14.92 13.78 12.47 10.91 9.07 6.93 4.62 3.03 4.04 5.98 7.51 8.40 8.61 8.13 7.00 5.30 3.42 3.18 4.94 6.70 7.90 8.45 8.34 7.55 6.14 4.27 2.94 4.12 6.31 8.34 10.04 11.40 12.46 13.28 13.93 14.45 14.91 15.36 15.81 16.27 16.73 17.14 17.49 17.71 17.78 17.66 17.33 16.75 15.92 14.82 13.44 11.77 9.82 7.60 5.21
17.80 19.22 20.45 21.50 22.39 23.11 23.67 24.08 24.33 24.43 24.38 24.18 23.83 23.34 22.73 22.00 21.18 20.30 19.38 18.45 17.56 16.71 15.91 15.13 14.32 13.42 12.39 11.16 9.73 8.17 6.74 5.99 6.35 7.37 8.37 8.98 9.09 8.67 7.81 6.69 5.75 5.64 6.44 7.52 8.38 8.80 8.71 8.12 7.15 6.10 5.58 6.13 7.43 8.92 10.30 11.45 12.37 13.08 13.62 14.08 14.49 14.92 15.37 15.86 16.36 16.83 17.21 17.48 17.59 17.50 17.19 16.64 15.83 14.78 13.48 11.96 10.26 8.47 6.81
18.12 19.39 20.51 21.47 22.28 22.94 23.45 23.80 24.00 24.05 23.94 23.67 23.25 22.69 21.98 21.15 20.22 19.22 18.19 17.19 16.26 15.45 14.75 14.16 13.60 13.02 12.34 11.53 10.58 9.60 8.78 8.36 8.48 8.96 9.47 9.77 9.74 9.35 8.70 7.96 7.43 7.35 7.75 8.38 8.93 9.22 9.16 8.76 8.16 7.58 7.35 7.68 8.49 9.52 10.55 11.45 12.16 12.69 13.08 13.40 13.74 14.13 14.61 15.16 15.74 16.30 16.79 17.13 17.31 17.28 17.02 16.51 15.76 14.78 13.59 12.23 10.79 9.38 8.20
18.48 19.58 20.56 21.42 22.14 22.72 23.16 23.46 23.62 23.61 23.45 23.13 22.64 21.99 21.18 20.24 19.17 18.03 16.86 15.73 14.73 13.92 13.33 12.96 12.72 12.50 12.24 11.86 11.39 10.88 10.44 10.21 10.22 10.38 10.55 10.56 10.35 9.91 9.32 8.73 8.34 8.26 8.50 8.91 9.31 9.52 9.47 9.18 8.76 8.39 8.27 8.51 9.09 9.84 10.62 11.28 11.77 12.09 12.27 12.41 12.62 12.98 13.50 14.17 14.89 15.60 16.22 16.69 16.96 17.01 16.82 16.37 15.68 14.76 13.65 12.41 11.13 9.94 9.00
18.81 19.73 20.57 21.30 21.93 22.43 22.82 23.07 23.17 23.13 22.92 22.55 22.00 21.27 20.37 19.30 18.09 16.77 15.41 14.09 12.93 12.07 11.60 11.49 11.62 11.84 12.02 12.08 12.02 11.89 11.73 11.62 11.57 11.54 11.45 11.22 10.79 10.20 9.51 8.87 8.45 8.36 8.58 8.97 9.35 9.55 9.51 9.23 8.83 8.48 8.37 8.58 9.10 9.77 10.42 10.93 11.21 11.28 11.19 11.09 11.13 11.44 12.06 12.90 13.85 14.77 15.57 16.18 16.57 16.72 16.59 16.21 15.56 14.68 13.61 12.40 11.16 10.00 9.08
19.04 19.79 20.48 21.10 21.63 22.06 22.39 22.60 22.67 22.60 22.36 21.95 21.35 20.56 19.57 18.39 17.03 15.51 13.90 12.30 10.88 9.88 9.49 9.72 10.32 11.04 11.68 12.17 12.48 12.64 12.69 12.67 12.59 12.43 12.14 11.68 11.01 10.17 9.23 8.36 7.77 7.66 7.99 8.55 9.05 9.32 9.26 8.90 8.35 7.84 7.64 7.89 8.53 9.29 9.97 10.40 10.52 10.32 9.89 9.42 9.21 9.48 10.28 11.43 12.68 13.86 14.88 15.66 16.18 16.41 16.36 16.02 15.41 14.54 13.45 12.19 10.84 9.53 8.45
19.13 19.71 20.26 20.76 21.20 21.58 21.86 22.04 22.10 22.02 21.77 21.34 20.72 19.88 18.83 17.56 16.06 14.36 12.48 10.52 8.66 7.31 6.98 7.69 8.92 10.20 11.31 12.17 12.79 13.19 13.40 13.45 13.35 13.09 12.65 11.98 11.06 9.91 8.59 7.26 6.29 6.14 6.80 7.74 8.52 8.91 8.82 8.29 7.42 6.51 6.08 6.49 7.48 8.56 9.39 9.83 9.81 9.33 8.48 7.49 6.84 7.09 8.27 9.88 11.52 13.00 14.23 15.18 15.81 16.13 16.14 15.84 15.25 14.36 13.22 11.84 10.29 8.66 7.18
19.02 19.45 19.86 20.26 20.63 20.96 21.22 21.40 21.46 21.39 21.15 20.73 20.11 19.26 18.18 16.86 15.28 13.44 11.34 9.01 6.56 4.45 4.05 5.66 7.69 9.52 11.02 12.18 13.03 13.60 13.93 14.03 13.92 13.59 13.02 12.19 11.06 9.61 7.85 5.86 4.08 3.84 5.28 6.87 8.00 8.52 8.41 7.67 6.36 4.71 3.66 4.53 6.28 7.83 8.88 9.36 9.25 8.53 7.24 5.53 4.03 4.32 6.29 8.53 10.58 12.32 13.72 14.79 15.51 15.90 15.96 15.69 15.10 14.20 13.00 11.50 9.72 7.69 5.55
