Experimentos/Kriking/kriging_ordinario.asc
NCOLS          450       
NROWS          450       
XLLCENTER      -8789850.00
YLLCENTER      45000.00  
DX             522.00    
DY             555.00    
NODATA_VALUE   -999.00   
[rows 32 to 63 of 450, columns 284 to 354 of 450]
204.77 204.89 205.02 205.15 205.28 205.41 205.54 205.68 205.82 205.96 206.11 206.26 206.41 206.56 206.71 206.87 207.03 207.19 207.35 207.51 207.68 207.84 208.01 208.18 208.35 208.53 208.70 208.88 209.05 209.23 209.41 209.59 209.78 209.96 210.15 210.33 210.52 210.70 210.89 211.08 211.26 211.45 211.64 211.83 212.03 212.22 212.41 212.60 212.79 212.99 213.18 213.37 213.56 213.76 213.95 214.14 214.34 214.53 214.72 214.92 215.11 215.30 215.49 215.68 215.86 216.05 216.23 216.41 216.58 216.75 216.92
204.65 204.78 204.91 205.04 205.17 205.30 205.44 205.58 205.72 205.87 206.01 206.16 206.32 206.47 206.63 206.79 206.95 207.12 207.28 207.45 207.62 207.79 207.96 208.13 208.31 208.48 208.66 208.84 209.02 209.20 209.38 209.57 209.75 209.94 210.12 210.31 210.50 210.69 210.88 211.07 211.26 211.45 211.64 211.84 212.03 212.23 212.42 212.62 212.81 213.01 213.21 213.40 213.60 213.79 213.99 214.18 214.38 214.58 214.77 214.97 215.16 215.36 215.55 215.74 215.93 216.12 216.30 216.48 216.66 216.84 217.01
204.53 204.66 204.79 204.92 205.05 205.19 205.33 205.47 205.62 205.76 205.91 206.07 206.22 206.38 206.54 206.71 206.87 207.04 207.21 207.38 207.55 207.73 207.90 208.08 208.26 208.44 208.62 208.80 208.98 209.17 209.35 209.54 209.73 209.92 210.11 210.30 210.49 210.68 210.87 211.06 211.25 211.45 211.64 211.84 212.04 212.24 212.44 212.64 212.83 213.03 213.23 213.43 213.63 213.83 214.03 214.23 214.43 214.62 214.82 215.02 215.22 215.41 215.61 215.80 215.99 216.18 216.37 216.56 216.74 216.92 217.10
204.40 204.53 204.66 204.79 204.93 205.07 205.21 205.36 205.50 205.66 205.81 205.97 206.13 206.29 206.45 206.62 206.79 206.96 207.13 207.31 207.48 207.66 207.84 208.02 208.21 208.39 208.57 208.76 208.95 209.13 209.32 209.51 209.70 209.90 210.09 210.28 210.48 210.67 210.87 211.06 211.26 211.45 211.65 211.85 212.05 212.25 212.45 212.65 212.86 213.06 213.26 213.46 213.67 213.87 214.07 214.27 214.47 214.67 214.87 215.07 215.27 215.47 215.67 215.86 216.06 216.25 216.44 216.63 216.82 217.01 217.19
204.27 204.40 204.53 204.67 204.81 204.95 205.09 205.24 205.39 205.54 205.70 205.86 206.02 206.18 206.35 206.52 206.70 206.87 207.05 207.23 207.41 207.59 207.77 207.96 208.15 208.33 208.52 208.71 208.90 209.10 209.29 209.48 209.68 209.87 210.07 210.27 210.47 210.66 210.86 211.06 211.26 211.46 211.66 211.86 212.06 212.27 212.47 212.67 212.88 213.08 213.29 213.49 213.70 213.90 214.11 214.31 214.52 214.72 214.92 215.12 215.32 215.53 215.73 215.92 216.12 216.32 216.51 216.70 216.90 217.09 217.27
204.14 204.27 204.41 204.54 204.68 204.82 204.97 205.11 205.27 205.42 205.58 205.74 205.91 206.08 206.25 206.42 206.60 206.78 206.96 207.14 207.33 207.51 207.70 207.89 208.08 208.28 208.47 208.66 208.86 209.06 209.25 209.45 209.65 209.85 210.05 210.25 210.46 210.66 210.86 211.06 211.27 211.47 211.67 211.88 212.08 212.29 212.49 212.70 212.91 213.11 213.32 213.53 213.73 213.94 214.15 214.35 214.56 214.77 214.97 215.18 215.38 215.58 215.78 215.99 216.18 216.38 216.58 216.77 216.97 217.16 217.35
204.01 204.14 204.28 204.41 204.55 204.69 204.84 204.99 205.14 205.30 205.46 205.62 205.79 205.96 206.14 206.31 206.49 206.68 206.86 207.05 207.24 207.43 207.62 207.82 208.01 208.21 208.41 208.61 208.81 209.01 209.22 209.42 209.62 209.83 210.03 210.24 210.45 210.65 210.86 211.06 211.27 211.48 211.68 211.89 212.10 212.31 212.52 212.73 212.94 213.14 213.35 213.56 213.77 213.98 214.19 214.40 214.61 214.81 215.02 215.23 215.44 215.64 215.85 216.05 216.25 216.45 216.65 216.85 217.04 217.24 217.43
203.88 204.01 204.15 204.28 204.42 204.57 204.72 204.87 205.02 205.18 205.34 205.51 205.68 205.85 206.02 206.20 206.39 206.57 206.76 206.95 207.15 207.34 207.54 207.74 207.94 208.15 208.35 208.56 208.76 208.97 209.18 209.38 209.59 209.80 210.01 210.22 210.43 210.64 210.85 211.06 211.27 211.48 211.69 211.90 212.12 212.33 212.54 212.75 212.96 213.18 213.39 213.60 213.81 214.02 214.24 214.45 214.66 214.87 215.08 215.28 215.49 215.70 215.91 216.11 216.32 216.52 216.72 216.92 217.12 217.31 217.51
203.75 203.88 204.02 204.15 204.30 204.44 204.59 204.74 204.90 205.06 205.22 205.39 205.56 205.73 205.91 206.09 206.28 206.47 206.66 206.86 207.05 207.25 207.46 207.66 207.87 208.08 208.29 208.50 208.71 208.92 209.13 209.35 209.56 209.77 209.99 210.20 210.42 210.63 210.85 211.06 211.27 211.49 211.70 211.92 212.13 212.35 212.56 212.78 212.99 213.21 213.43 213.64 213.86 214.07 214.28 214.50 214.71 214.92 215.13 215.34 215.55 215.76 215.97 216.18 216.39 216.59 216.79 216.99 217.19 217.39 217.59
203.62 203.75 203.89 204.03 204.17 204.32 204.47 204.62 204.78 204.94 205.11 205.27 205.45 205.62 205.80 205.99 206.18 206.37 206.56 206.76 206.96 207.17 207.37 207.58 207.79 208.00 208.22 208.43 208.65 208.87 209.08 209.30 209.52 209.74 209.96 210.18 210.40 210.62 210.84 211.06 211.28 211.49 211.71 211.93 212.15 212.36 212.58 212.80 213.02 213.24 213.46 213.68 213.90 214.12 214.33 214.55 214.77 214.98 215.19 215.41 215.62 215.83 216.04 216.25 216.46 216.66 216.87 217.07 217.27 217.47 217.67
203.49 203.62 203.76 203.90 204.05 204.19 204.35 204.50 204.66 204.82 204.99 205.16 205.34 205.52 205.70 205.89 206.08 206.27 206.47 206.67 206.88 207.08 207.29 207.50 207.72 207.93 208.15 208.37 208.59 208.81 209.04 209.26 209.48 209.71 209.93 210.16 210.38 210.60 210.83 211.05 211.28 211.50 211.72 211.94 212.16 212.39 212.61 212.83 213.05 213.28 213.50 213.72 213.94 214.16 214.38 214.60 214.82 215.04 215.26 215.47 215.69 215.90 216.11 216.32 216.53 216.74 216.95 217.15 217.36 217.56 217.76
203.36 203.50 203.64 203.78 203.92 204.07 204.23 204.39 204.55 204.71 204.88 205.06 205.24 205.42 205.60 205.79 205.99 206.18 206.38 206.59 206.79 207.00 207.21 207.43 207.64 207.86 208.09 208.31 208.53 208.76 208.99 209.22 209.44 209.67 209.90 210.13 210.36 210.59 210.82 211.05 211.28 211.50 211.73 211.96 212.18 212.41 212.63 212.86 213.08 213.31 213.54 213.76 213.99 214.21 214.44 214.66 214.88 215.10 215.32 215.54 215.76 215.98 216.19 216.40 216.62 216.83 217.03 217.24 217.44 217.65 217.85
203.24 203.37 203.51 203.65 203.80 203.96 204.11 204.27 204.44 204.61 204.78 204.96 205.14 205.32 205.51 205.70 205.89 206.09 206.30 206.50 206.71 206.92 207.14 207.35 207.58 207.80 208.02 208.25 208.48 208.71 208.94 209.17 209.41 209.64 209.87 210.11 210.34 210.58 210.81 211.04 211.28 211.51 211.74 211.97 212.20 212.43 212.66 212.89 213.12 213.35 213.58 213.80 214.03 214.26 214.49 214.72 214.94 215.17 215.39 215.61 215.83 216.05 216.27 216.49 216.70 216.92 217.13 217.33 217.54 217.74 217.94
203.11 203.25 203.39 203.54 203.69 203.84 204.00 204.16 204.33 204.50 204.67 204.85 205.03 205.22 205.41 205.60 205.80 206.01 206.21 206.42 206.63 206.85 207.07 207.29 207.51 207.74 207.96 208.19 208.43 208.66 208.90 209.13 209.37 209.61 209.85 210.09 210.33 210.56 210.80 211.04 211.28 211.52 211.75 211.99 212.22 212.46 212.69 212.92 213.16 213.39 213.62 213.85 214.08 214.32 214.55 214.78 215.00 215.23 215.46 215.69 215.91 216.13 216.35 216.57 216.79 217.01 217.22 217.43 217.64 217.84 218.05
202.99 203.13 203.27 203.42 203.57 203.73 203.89 204.05 204.22 204.39 204.57 204.75 204.93 205.12 205.32 205.51 205.71 205.92 206.13 206.34 206.55 206.77 206.99 207.22 207.45 207.68 207.91 208.14 208.38 208.62 208.86 209.10 209.34 209.58 209.83 210.07 210.31 210.56 210.80 211.04 211.28 211.53 211.77 212.01 212.25 212.48 212.72 212.96 213.20 213.43 213.67 213.90 214.14 214.37 214.61 214.84 215.07 215.30 215.53 215.76 215.99 216.22 216.44 216.66 216.88 217.10 217.32 217.53 217.74 217.95 218.16
202.87 203.01 203.15 203.30 203.45 203.61 203.77 203.94 204.11 204.28 204.46 204.65 204.83 205.03 205.22 205.42 205.62 205.83 206.04 206.26 206.48 206.70 206.92 207.15 207.38 207.62 207.85 208.09 208.33 208.57 208.82 209.06 209.31 209.56 209.80 210.05 210.30 210.55 210.80 211.05 211.29 211.54 211.79 212.03 212.27 212.52 212.76 213.00 213.24 213.48 213.72 213.96 214.20 214.43 214.67 214.91 215.14 215.38 215.61 215.84 216.07 216.30 216.53 216.76 216.98 217.20 217.42 217.64 217.85 218.06 218.27
202.75 202.89 203.04 203.18 203.34 203.50 203.66 203.83 204.00 204.18 204.36 204.54 204.73 204.93 205.13 205.33 205.54 205.75 205.96 206.18 206.40 206.63 206.86 207.09 207.32 207.56 207.80 208.04 208.29 208.53 208.78 209.03 209.28 209.54 209.79 210.04 210.29 210.55 210.80 211.05 211.31 211.56 211.81 212.06 212.31 212.55 212.80 213.04 213.29 213.53 213.77 214.02 214.26 214.50 214.74 214.98 215.22 215.46 215.69 215.93 216.16 216.39 216.63 216.85 217.08 217.30 217.53 217.75 217.96 218.18 218.39
202.63 202.77 202.92 203.07 203.22 203.38 203.55 203.72 203.89 204.07 204.25 204.44 204.63 204.83 205.03 205.24 205.45 205.66 205.88 206.10 206.33 206.56 206.79 207.02 207.26 207.50 207.75 208.00 208.25 208.50 208.75 209.00 209.26 209.52 209.77 210.03 210.29 210.55 210.81 211.07 211.32 211.58 211.84 212.09 212.34 212.60 212.85 213.10 213.34 213.59 213.84 214.08 214.33 214.57 214.82 215.06 215.30 215.54 215.78 216.02 216.25 216.49 216.72 216.95 217.18 217.41 217.64 217.86 218.08 218.30 218.51
202.51 202.65 202.80 202.95 203.11 203.27 203.43 203.61 203.78 203.96 204.15 204.34 204.53 204.73 204.94 205.15 205.36 205.58 205.80 206.02 206.25 206.49 206.72 206.96 207.21 207.45 207.70 207.95 208.21 208.46 208.72 208.98 209.24 209.50 209.76 210.03 210.29 210.55 210.82 211.08 211.34 211.60 211.87 212.13 212.38 212.64 212.90 213.15 213.40 213.65 213.90 214.15 214.40 214.65 214.89 215.14 215.38 215.63 215.87 216.11 216.35 216.59 216.83 217.06 217.29 217.52 217.75 217.98 218.20 218.42 218.64
202.39 202.53 202.68 202.83 202.99 203.15 203.32 203.49 203.67 203.86 204.04 204.24 204.43 204.64 204.84 205.06 205.27 205.49 205.72 205.95 206.18 206.42 206.66 206.90 207.15 207.40 207.65 207.91 208.17 208.43 208.69 208.96 209.22 209.49 209.76 210.02 210.29 210.56 210.83 211.10 211.37 211.63 211.90 212.16 212.43 212.69 212.95 213.21 213.47 213.72 213.98 214.23 214.48 214.73 214.98 215.23 215.48 215.72 215.97 216.21 216.45 216.69 216.93 217.17 217.41 217.64 217.87 218.10 218.32 218.55 218.77
202.27 202.41 202.56 202.71 202.87 203.04 203.21 203.38 203.56 203.75 203.94 204.13 204.34 204.54 204.75 204.97 205.19 205.41 205.64 205.87 206.11 206.35 206.60 206.85 207.10 207.35 207.61 207.87 208.13 208.40 208.67 208.94 209.21 209.48 209.75 210.02 210.30 210.57 210.85 211.12 211.39 211.66 211.93 212.20 212.47 212.74 213.01 213.27 213.54 213.80 214.06 214.31 214.57 214.82 215.07 215.33 215.58 215.83 216.07 216.32 216.56 216.81 217.05 217.29 217.53 217.76 217.99 218.23 218.45 218.68 218.90
202.15 202.29 202.44 202.60 202.76 202.92 203.09 203.27 203.45 203.64 203.83 204.03 204.24 204.45 204.66 204.88 205.10 205.33 205.56 205.80 206.04 206.29 206.54 206.79 207.05 207.31 207.57 207.83 208.10 208.37 208.64 208.92 209.19 209.47 209.75 210.03 210.31 210.59 210.87 211.14 211.42 211.70 211.98 212.25 212.52 212.80 213.07 213.34 213.61 213.87 214.14 214.40 214.66 214.92 215.17 215.43 215.68 215.93 216.18 216.43 216.68 216.93 217.17 217.41 217.65 217.89 218.12 218.36 218.59 218.82 219.04
202.03 202.17 202.32 202.48 202.64 202.80 202.98 203.16 203.34 203.53 203.73 203.93 204.14 204.35 204.57 204.79 205.02 205.25 205.49 205.73 205.97 206.22 206.48 206.74 207.00 207.26 207.53 207.80 208.07 208.35 208.62 208.90 209.18 209.47 209.75 210.03 210.32 210.60 210.89 211.17 211.46 211.74 212.02 212.30 212.58 212.86 213.13 213.41 213.68 213.95 214.22 214.49 214.75 215.01 215.27 215.53 215.79 216.05 216.30 216.55 216.80 217.05 217.30 217.54 217.78 218.02 218.26 218.50 218.73 218.96 219.19
201.91 202.05 202.20 202.36 202.52 202.69 202.86 203.04 203.23 203.43 203.62 203.83 204.04 204.26 204.48 204.70 204.94 205.17 205.41 205.66 205.91 206.16 206.42 206.68 206.95 207.22 207.49 207.77 208.05 208.33 208.61 208.89 209.18 209.47 209.76 210.04 210.33 210.63 210.92 211.20 211.49 211.78 212.07 212.35 212.64 212.92 213.20 213.48 213.76 214.03 214.30 214.58 214.85 215.11 215.38 215.64 215.90 216.16 216.42 216.68 216.93 217.18 217.43 217.68 217.92 218.17 218.41 218.64 218.88 219.11 219.34
201.78 201.93 202.08 202.24 202.40 202.57 202.75 202.93 203.12 203.32 203.52 203.73 203.94 204.16 204.39 204.62 204.85 205.09 205.34 205.59 205.84 206.10 206.37 206.63 206.91 207.18 207.46 207.74 208.02 208.31 208.59 208.88 209.18 209.47 209.76 210.06 210.35 210.65 210.95 211.24 211.54 211.83 212.12 212.41 212.70 212.99 213.27 213.56 213.84 214.12 214.40 214.67 214.95 215.22 215.49 215.76 216.02 216.29 216.55 216.81 217.06 217.32 217.57 217.82 218.07 218.32 218.56 218.80 219.03 219.27 219.50
201.66 201.81 201.96 202.12 202.28 202.46 202.63 202.82 203.01 203.21 203.42 203.63 203.84 204.07 204.30 204.53 204.77 205.02 205.27 205.52 205.78 206.05 206.31 206.59 206.86 207.14 207.43 207.71 208.00 208.29 208.58 208.88 209.18 209.47 209.77 210.07 210.38 210.68 210.98 211.28 211.58 211.88 212.18 212.47 212.77 213.06 213.35 213.64 213.93 214.21 214.49 214.77 215.05 215.33 215.60 215.87 216.14 216.41 216.68 216.94 217.20 217.46 217.72 217.97 218.22 218.47 218.71 218.96 219.20 219.43 219.66
201.54 201.68 201.84 202.00 202.16 202.34 202.52 202.71 202.90 203.10 203.31 203.53 203.75 203.97 204.21 204.45 204.69 204.94 205.19 205.45 205.72 205.99 206.26 206.54 206.82 207.11 207.40 207.69 207.98 208.28 208.58 208.88 209.18 209.48 209.79 210.10 210.40 210.71 211.02 211.32 211.63 211.94 212.24 212.54 212.84 213.14 213.44 213.73 214.02 214.31 214.60 214.88 215.16 215.44 215.72 215.99 216.27 216.54 216.81 217.07 217.34 217.60 217.86 218.12 218.37 218.62 218.87 219.12 219.36 219.60 219.83
201.41 201.56 201.71 201.87 202.04 202.22 202.40 202.59 202.79 202.99 203.20 203.42 203.65 203.88 204.11 204.36 204.61 204.86 205.12 205.39 205.66 205.93 206.21 206.50 206.78 207.07 207.37 207.67 207.97 208.27 208.57 208.88 209.19 209.50 209.81 210.12 210.44 210.75 211.06 211.37 211.68 211.99 212.30 212.61 212.92 213.22 213.52 213.82 214.12 214.41 214.70 214.99 215.28 215.56 215.84 216.12 216.39 216.67 216.94 217.21 217.48 217.75 218.01 218.27 218.53 218.78 219.03 219.28 219.53 219.77 220.01
201.28 201.43 201.58 201.74 201.91 202.09 202.28 202.47 202.67 202.88 203.09 203.32 203.54 203.78 204.02 204.27 204.52 204.78 205.05 205.32 205.60 205.88 206.16 206.45 206.75 207.04 207.34 207.65 207.95 208.26 208.57 208.88 209.20 209.51 209.83 210.15 210.47 210.78 211.10 211.42 211.74 212.05 212.37 212.68 212.99 213.30 213.61 213.91 214.21 214.51 214.81 215.10 215.39 215.68 215.96 216.24 216.52 216.80 217.08 217.35 217.62 217.89 218.16 218.42 218.68 218.94 219.20 219.45 219.70 219.94 220.18
201.15 201.29 201.45 201.62 201.79 201.97 202.16 202.35 202.56 202.77 202.99 203.21 203.44 203.68 203.93 204.18 204.44 204.71 204.98 205.26 205.54 205.82 206.11 206.41 206.71 207.01 207.32 207.63 207.94 208.25 208.57 208.89 209.20 209.53 209.85 210.17 210.49 210.82 211.14 211.46 211.79 212.11 212.43 212.75 213.07 213.38 213.69 214.00 214.31 214.61 214.92 215.21 215.51 215.80 216.09 216.38 216.66 216.94 217.22 217.49 217.77 218.04 218.31 218.58 218.84 219.11 219.36 219.62 219.87 220.12 220.36
201.01 201.16 201.32 201.49 201.66 201.84 202.03 202.23 202.44 202.65 202.88 203.11 203.34 203.59 203.84 204.10 204.36 204.63 204.91 205.19 205.47 205.76 206.06 206.36 206.67 206.97 207.29 207.60 207.92 208.24 208.56 208.88 209.21 209.54 209.86 210.19 210.52 210.85 211.18 211.51 211.84 212.17 212.49 212.82 213.14 213.46 213.78 214.10 214.41 214.72 215.03 215.33 215.63 215.93 216.22 216.51 216.80 217.08 217.36 217.64 217.92 218.19 218.47 218.74 219.01 219.27 219.53 219.79 220.05 220.30 220.55
200.88 201.03 201.19 201.36 201.53 201.72 201.91 202.11 202.32 202.54 202.76 203.00 203.24 203.48 203.74 204.00 204.27 204.54 204.83 205.11 205.40 205.70 206.00 206.31 206.62 206.93 207.25 207.57 207.90 208.22 208.55 208.88 209.21 209.55 209.88 210.21 210.55 210.89 211.22 211.56 211.89 212.23 212.56 212.89 213.22 213.54 213.87 214.19 214.51 214.82 215.14 215.44 215.75 216.05 216.35 216.65 216.94 217.23 217.51 217.79 218.07 218.35 218.63 218.90 219.17 219.44 219.70 219.97 220.23 220.48 220.73
