Experimentos/Kriking/kriging_ordinario.asc
NCOLS          450       
NROWS          450       
XLLCENTER      -8789850.00
YLLCENTER      45000.00  
DX             522.00    
DY             555.00    
NODATA_VALUE   -999.00   
[rows 64 to 95 of 450, columns 284 to 354 of 450]
200.75 200.90 201.06 201.23 201.40 201.59 201.78 201.99 202.20 202.42 202.64 202.88 203.12 203.38 203.64 203.90 204.17 204.45 204.74 205.03 205.33 205.63 205.94 206.25 206.57 206.89 207.22 207.54 207.87 208.21 208.54 208.88 209.22 209.56 209.90 210.24 210.58 210.92 211.26 211.60 211.94 212.28 212.62 212.96 213.29 213.63 213.96 214.28 214.61 214.93 215.25 215.56 215.87 216.18 216.48 216.78 217.08 217.37 217.66 217.95 218.23 218.51 218.79 219.06 219.34 219.61 219.88 220.14 220.40 220.66 220.92
200.61 200.76 200.92 201.09 201.26 201.45 201.65 201.85 202.07 202.29 202.52 202.76 203.01 203.26 203.53 203.80 204.07 204.36 204.65 204.95 205.25 205.56 205.88 206.20 206.52 206.85 207.18 207.51 207.85 208.19 208.53 208.88 209.22 209.57 209.91 210.26 210.61 210.96 211.31 211.65 212.00 212.34 212.69 213.03 213.37 213.71 214.05 214.38 214.71 215.04 215.36 215.68 216.00 216.31 216.62 216.92 217.22 217.52 217.81 218.10 218.39 218.67 218.96 219.23 219.51 219.78 220.05 220.32 220.59 220.85 221.10
200.46 200.61 200.77 200.94 201.12 201.31 201.50 201.71 201.93 202.15 202.39 202.63 202.88 203.14 203.41 203.69 203.97 204.26 204.56 204.86 205.18 205.49 205.81 206.14 206.47 206.80 207.14 207.48 207.83 208.17 208.52 208.87 209.23 209.58 209.93 210.29 210.64 210.99 211.35 211.70 212.05 212.41 212.76 213.11 213.45 213.80 214.14 214.48 214.81 215.15 215.47 215.80 216.12 216.44 216.75 217.06 217.37 217.67 217.97 218.26 218.55 218.84 219.12 219.40 219.68 219.96 220.23 220.50 220.77 221.03 221.29
200.31 200.46 200.62 200.79 200.97 201.16 201.35 201.56 201.78 202.01 202.25 202.50 202.75 203.02 203.29 203.57 203.86 204.16 204.47 204.78 205.09 205.42 205.75 206.08 206.42 206.76 207.11 207.45 207.81 208.16 208.52 208.87 209.23 209.59 209.95 210.31 210.67 211.03 211.39 211.75 212.11 212.47 212.83 213.18 213.53 213.88 214.23 214.58 214.92 215.26 215.59 215.92 216.25 216.57 216.89 217.20 217.51 217.82 218.12 218.42 218.72 219.01 219.29 219.58 219.86 220.14 220.41 220.69 220.95 221.22 221.48
200.15 200.30 200.46 200.63 200.81 201.00 201.20 201.41 201.63 201.87 202.11 202.36 202.62 202.89 203.17 203.46 203.76 204.06 204.37 204.69 205.01 205.34 205.68 206.02 206.37 206.71 207.07 207.42 207.78 208.14 208.51 208.87 209.24 209.60 209.97 210.34 210.71 211.07 211.44 211.81 212.17 212.53 212.90 213.26 213.61 213.97 214.32 214.67 215.02 215.37 215.71 216.04 216.38 216.70 217.03 217.35 217.66 217.97 218.28 218.58 218.88 219.18 219.47 219.76 220.04 220.32 220.60 220.87 221.14 221.41 221.68
199.98 200.13 200.29 200.46 200.64 200.84 201.04 201.26 201.48 201.72 201.96 202.22 202.49 202.76 203.05 203.34 203.64 203.95 204.27 204.60 204.93 205.27 205.61 205.96 206.31 206.67 207.03 207.39 207.76 208.13 208.50 208.87 209.24 209.62 209.99 210.37 210.74 211.11 211.49 211.86 212.23 212.60 212.97 213.33 213.70 214.06 214.42 214.78 215.13 215.48 215.83 216.17 216.51 216.84 217.17 217.49 217.81 218.13 218.44 218.75 219.05 219.35 219.65 219.94 220.22 220.51 220.79 221.06 221.34 221.61 221.87
199.81 199.96 200.12 200.29 200.48 200.67 200.88 201.10 201.32 201.56 201.81 202.08 202.35 202.63 202.92 203.22 203.53 203.84 204.17 204.50 204.84 205.19 205.54 205.90 206.26 206.62 206.99 207.36 207.74 208.12 208.49 208.87 209.25 209.63 210.02 210.40 210.78 211.16 211.54 211.92 212.29 212.67 213.04 213.41 213.78 214.15 214.52 214.88 215.24 215.59 215.95 216.29 216.64 216.98 217.31 217.64 217.97 218.29 218.60 218.91 219.22 219.53 219.82 220.12 220.41 220.69 220.98 221.26 221.53 221.81 222.07
199.63 199.78 199.94 200.12 200.30 200.50 200.71 200.93 201.16 201.41 201.66 201.93 202.20 202.49 202.79 203.09 203.41 203.73 204.07 204.41 204.75 205.11 205.47 205.83 206.20 206.58 206.95 207.34 207.72 208.10 208.49 208.88 209.26 209.65 210.04 210.43 210.82 211.20 211.59 211.98 212.36 212.74 213.12 213.50 213.87 214.25 214.62 214.99 215.35 215.71 216.07 216.42 216.77 217.11 217.45 217.79 218.12 218.45 218.77 219.08 219.39 219.70 220.00 220.30 220.59 220.88 221.17 221.45 221.73 222.01 222.28
199.45 199.60 199.76 199.94 200.12 200.32 200.54 200.76 201.00 201.24 201.50 201.77 202.06 202.35 202.65 202.96 203.29 203.62 203.96 204.31 204.67 205.03 205.40 205.77 206.15 206.53 206.92 207.31 207.70 208.09 208.49 208.88 209.28 209.67 210.07 210.47 210.86 211.25 211.65 212.04 212.43 212.81 213.20 213.58 213.96 214.34 214.72 215.09 215.46 215.83 216.19 216.55 216.90 217.25 217.60 217.94 218.27 218.60 218.93 219.25 219.57 219.88 220.18 220.49 220.78 221.08 221.36 221.65 221.93 222.21 222.48
199.26 199.41 199.58 199.75 199.94 200.14 200.36 200.59 200.83 201.08 201.34 201.62 201.90 202.20 202.51 202.83 203.16 203.51 203.85 204.21 204.58 204.95 205.33 205.71 206.10 206.49 206.89 207.28 207.68 208.08 208.49 208.89 209.29 209.70 210.10 210.50 210.90 211.31 211.70 212.10 212.50 212.89 213.28 213.67 214.06 214.44 214.82 215.20 215.58 215.95 216.32 216.68 217.04 217.39 217.74 218.09 218.43 218.76 219.09 219.42 219.74 220.06 220.37 220.67 220.97 221.27 221.56 221.85 222.13 222.41 222.69
199.07 199.22 199.39 199.56 199.76 199.96 200.18 200.41 200.65 200.91 201.18 201.46 201.75 202.06 202.37 202.70 203.04 203.39 203.75 204.11 204.49 204.87 205.26 205.65 206.05 206.45 206.85 207.26 207.67 208.08 208.49 208.90 209.31 209.72 210.13 210.54 210.95 211.36 211.76 212.17 212.57 212.97 213.36 213.76 214.15 214.54 214.93 215.31 215.69 216.07 216.44 216.81 217.17 217.53 217.89 218.24 218.59 218.93 219.26 219.59 219.91 220.23 220.55 220.86 221.16 221.46 221.76 222.05 222.33 222.61 222.89
198.87 199.03 199.19 199.37 199.57 199.77 200.00 200.23 200.48 200.74 201.01 201.30 201.60 201.91 202.23 202.57 202.91 203.27 203.64 204.01 204.40 204.79 205.19 205.59 206.00 206.41 206.82 207.24 207.66 208.08 208.50 208.92 209.34 209.75 210.17 210.59 211.00 211.41 211.83 212.23 212.64 213.05 213.45 213.85 214.25 214.64 215.03 215.42 215.81 216.19 216.57 216.94 217.31 217.67 218.04 218.39 218.74 219.09 219.43 219.76 220.09 220.41 220.73 221.05 221.35 221.66 221.96 222.25 222.54 222.82 223.10
198.67 198.83 199.00 199.18 199.38 199.59 199.81 200.05 200.30 200.56 200.84 201.13 201.44 201.76 202.09 202.43 202.79 203.15 203.53 203.92 204.31 204.71 205.12 205.53 205.95 206.37 206.80 207.22 207.65 208.08 208.50 208.93 209.36 209.78 210.21 210.63 211.05 211.47 211.89 212.30 212.72 213.13 213.54 213.94 214.34 214.74 215.14 215.53 215.92 216.31 216.69 217.07 217.45 217.82 218.18 218.54 218.90 219.25 219.60 219.93 220.27 220.60 220.92 221.24 221.55 221.86 222.16 222.45 222.74 223.03 223.31
198.47 198.63 198.80 198.99 199.19 199.40 199.62 199.87 200.12 200.39 200.67 200.97 201.28 201.60 201.94 202.29 202.66 203.04 203.42 203.82 204.22 204.64 205.06 205.48 205.91 206.34 206.77 207.21 207.64 208.08 208.52 208.95 209.39 209.82 210.25 210.68 211.11 211.54 211.96 212.38 212.80 213.21 213.63 214.04 214.44 214.85 215.25 215.65 216.04 216.43 216.82 217.21 217.59 217.96 218.33 218.70 219.06 219.42 219.77 220.11 220.45 220.78 221.11 221.43 221.75 222.06 222.36 222.66 222.96 223.25 223.53
198.27 198.43 198.60 198.79 198.99 199.21 199.44 199.68 199.94 200.21 200.50 200.80 201.12 201.45 201.80 202.16 202.53 202.92 203.32 203.73 204.14 204.57 205.00 205.43 205.87 206.31 206.76 207.20 207.65 208.09 208.54 208.98 209.42 209.86 210.30 210.74 211.17 211.60 212.03 212.46 212.88 213.30 213.72 214.14 214.55 214.96 215.36 215.77 216.17 216.56 216.95 217.34 217.73 218.11 218.49 218.86 219.22 219.58 219.94 220.29 220.63 220.97 221.30 221.63 221.95 222.26 222.57 222.87 223.17 223.46 223.75
198.07 198.23 198.40 198.59 198.80 199.02 199.25 199.50 199.76 200.04 200.33 200.64 200.96 201.30 201.65 202.02 202.41 202.80 203.21 203.63 204.06 204.50 204.94 205.39 205.84 206.29 206.75 207.20 207.66 208.11 208.56 209.02 209.47 209.91 210.36 210.80 211.24 211.68 212.11 212.55 212.97 213.40 213.82 214.24 214.66 215.07 215.48 215.89 216.29 216.69 217.09 217.48 217.87 218.26 218.64 219.02 219.39 219.75 220.11 220.47 220.82 221.16 221.49 221.82 222.15 222.47 222.78 223.09 223.39 223.68 223.97
197.86 198.03 198.21 198.40 198.61 198.83 199.07 199.32 199.59 199.87 200.16 200.47 200.80 201.15 201.51 201.89 202.28 202.69 203.11 203.55 203.99 204.44 204.89 205.35 205.81 206.28 206.74 207.21 207.67 208.14 208.60 209.06 209.52 209.97 210.42 210.87 211.32 211.76 212.20 212.64 213.07 213.50 213.93 214.35 214.77 215.19 215.60 216.02 216.42 216.83 217.23 217.63 218.02 218.41 218.80 219.18 219.56 219.93 220.29 220.65 221.00 221.35 221.69 222.02 222.35 222.67 222.99 223.30 223.60 223.90 224.19
197.66 197.83 198.02 198.22 198.43 198.66 198.90 199.15 199.41 199.70 199.99 200.31 200.64 200.99 201.37 201.75 202.16 202.58 203.02 203.47 203.92 204.38 204.85 205.32 205.80 206.27 206.75 207.22 207.70 208.17 208.64 209.11 209.57 210.03 210.49 210.95 211.40 211.85 212.29 212.73 213.17 213.60 214.04 214.46 214.89 215.31 215.73 216.15 216.56 216.97 217.37 217.78 218.17 218.57 218.96 219.35 219.73 220.10 220.47 220.83 221.19 221.54 221.89 222.23 222.56 222.89 223.21 223.52 223.83 224.13 224.42
197.46 197.64 197.83 198.04 198.25 198.48 198.73 198.98 199.25 199.53 199.83 200.15 200.49 200.84 201.22 201.62 202.04 202.48 202.93 203.39 203.86 204.34 204.82 205.30 205.79 206.28 206.76 207.25 207.73 208.21 208.69 209.16 209.64 210.10 210.57 211.03 211.49 211.94 212.39 212.83 213.28 213.71 214.15 214.58 215.01 215.44 215.86 216.28 216.70 217.11 217.52 217.92 218.33 218.73 219.12 219.51 219.90 220.28 220.65 221.02 221.38 221.74 222.09 222.43 222.77 223.10 223.42 223.74 224.05 224.36 224.65
197.27 197.46 197.66 197.87 198.09 198.32 198.57 198.82 199.09 199.37 199.67 199.99 200.33 200.69 201.08 201.49 201.93 202.38 202.85 203.32 203.81 204.30 204.80 205.29 205.79 206.29 206.79 207.28 207.77 208.26 208.75 209.23 209.71 210.18 210.65 211.12 211.58 212.04 212.49 212.94 213.39 213.83 214.27 214.70 215.14 215.56 215.99 216.41 216.83 217.25 217.66 218.08 218.48 218.89 219.29 219.68 220.07 220.46 220.84 221.21 221.58 221.94 222.29 222.64 222.98 223.32 223.65 223.97 224.28 224.59 224.89
197.09 197.29 197.49 197.71 197.93 198.17 198.42 198.67 198.94 199.22 199.52 199.84 200.18 200.55 200.94 201.37 201.82 202.29 202.77 203.27 203.77 204.28 204.79 205.30 205.81 206.32 206.82 207.33 207.83 208.32 208.82 209.31 209.79 210.27 210.74 211.21 211.68 212.14 212.60 213.05 213.50 213.95 214.39 214.83 215.26 215.69 216.12 216.55 216.97 217.40 217.81 218.23 218.64 219.05 219.45 219.85 220.25 220.64 221.02 221.40 221.77 222.14 222.50 222.85 223.20 223.54 223.87 224.19 224.51 224.82 225.13
196.92 197.13 197.34 197.56 197.79 198.03 198.28 198.54 198.81 199.09 199.38 199.69 200.03 200.40 200.80 201.24 201.71 202.20 202.71 203.22 203.74 204.27 204.79 205.31 205.84 206.35 206.87 207.38 207.89 208.40 208.89 209.39 209.88 210.36 210.84 211.32 211.79 212.25 212.71 213.17 213.62 214.07 214.51 214.95 215.39 215.83 216.26 216.69 217.12 217.54 217.96 218.38 218.80 219.21 219.62 220.02 220.42 220.82 221.21 221.59 221.97 222.34 222.71 223.07 223.42 223.76 224.10 224.43 224.75 225.06 225.37
196.77 196.98 197.20 197.43 197.67 197.91 198.16 198.42 198.69 198.96 199.25 199.56 199.89 200.25 200.67 201.13 201.62 202.13 202.66 203.20 203.73 204.27 204.81 205.34 205.88 206.41 206.93 207.45 207.97 208.48 208.98 209.48 209.98 210.46 210.95 211.42 211.90 212.37 212.83 213.29 213.74 214.19 214.64 215.08 215.52 215.96 216.40 216.83 217.26 217.69 218.11 218.54 218.96 219.37 219.79 220.19 220.60 221.00 221.40 221.79 222.17 222.55 222.92 223.28 223.64 223.99 224.33 224.66 224.99 225.30 225.61
196.63 196.86 197.09 197.32 197.57 197.81 198.07 198.33 198.59 198.87 199.15 199.44 199.75 200.11 200.54 201.02 201.55 202.09 202.64 203.19 203.74 204.30 204.84 205.39 205.93 206.47 207.00 207.53 208.05 208.57 209.08 209.58 210.08 210.57 211.06 211.54 212.01 212.48 212.95 213.41 213.86 214.32 214.77 215.21 215.66 216.10 216.53 216.97 217.40 217.83 218.26 218.69 219.11 219.54 219.95 220.37 220.78 221.18 221.59 221.98 222.37 222.75 223.13 223.50 223.86 224.21 224.56 224.90 225.23 225.55 225.86
196.52 196.75 196.99 197.24 197.49 197.74 198.00 198.26 198.53 198.80 199.07 199.35 199.65 199.97 200.41 200.94 201.51 202.07 202.64 203.21 203.78 204.34 204.90 205.45 206.01 206.55 207.09 207.62 208.15 208.67 209.19 209.69 210.20 210.69 211.18 211.66 212.14 212.61 213.07 213.54 213.99 214.45 214.90 215.34 215.79 216.23 216.67 217.11 217.55 217.98 218.41 218.85 219.27 219.70 220.12 220.54 220.96 221.37 221.77 222.18 222.57 222.96 223.34 223.72 224.08 224.44 224.79 225.14 225.47 225.80 226.11
196.44 196.68 196.92 197.17 197.43 197.69 197.96 198.22 198.50 198.77 199.05 199.33 199.61 199.88 200.34 200.93 201.52 202.10 202.68 203.26 203.84 204.41 204.97 205.54 206.09 206.65 207.19 207.73 208.26 208.79 209.30 209.81 210.32 210.81 211.30 211.79 212.27 212.74 213.20 213.67 214.12 214.58 215.03 215.48 215.92 216.37 216.81 217.25 217.69 218.13 218.56 219.00 219.43 219.86 220.29 220.71 221.13 221.55 221.96 222.37 222.77 223.17 223.56 223.94 224.31 224.67 225.03 225.38 225.72 226.05 226.37
196.38 196.62 196.87 197.13 197.40 197.67 197.94 198.22 198.50 198.79 199.08 199.37 199.68 200.02 200.47 201.02 201.59 202.18 202.76 203.34 203.92 204.50 205.07 205.64 206.20 206.76 207.30 207.85 208.38 208.91 209.43 209.94 210.45 210.95 211.44 211.92 212.40 212.87 213.34 213.80 214.26 214.71 215.16 215.61 216.06 216.50 216.95 217.39 217.83 218.27 218.71 219.15 219.59 220.02 220.46 220.89 221.31 221.74 222.15 222.57 222.98 223.38 223.77 224.16 224.54 224.91 225.27 225.62 225.97 226.30 226.63
196.35 196.60 196.85 197.12 197.39 197.67 197.95 198.24 198.54 198.84 199.15 199.47 199.81 200.20 200.66 201.17 201.73 202.30 202.87 203.45 204.03 204.61 205.19 205.76 206.32 206.88 207.43 207.98 208.52 209.05 209.57 210.08 210.59 211.09 211.58 212.06 212.54 213.01 213.47 213.93 214.39 214.84 215.29 215.74 216.19 216.64 217.08 217.53 217.97 218.42 218.86 219.30 219.74 220.18 220.62 221.06 221.49 221.92 222.34 222.76 223.18 223.59 223.99 224.38 224.77 225.14 225.51 225.87 226.22 226.56 226.89
196.34 196.59 196.85 197.12 197.40 197.69 197.98 198.29 198.60 198.92 199.25 199.60 199.98 200.39 200.85 201.35 201.89 202.45 203.01 203.59 204.17 204.74 205.32 205.89 206.46 207.02 207.58 208.12 208.66 209.20 209.72 210.23 210.74 211.24 211.73 212.21 212.68 213.15 213.61 214.07 214.52 214.98 215.42 215.87 216.32 216.77 217.21 217.66 218.11 218.56 219.00 219.45 219.90 220.34 220.79 221.23 221.67 222.10 222.53 222.96 223.38 223.80 224.20 224.60 225.00 225.38 225.75 226.12 226.47 226.82 227.15
196.35 196.60 196.87 197.14 197.43 197.73 198.04 198.36 198.68 199.02 199.38 199.75 200.15 200.58 201.04 201.54 202.07 202.61 203.18 203.75 204.32 204.89 205.47 206.04 206.61 207.17 207.73 208.28 208.82 209.35 209.88 210.39 210.90 211.39 211.88 212.36 212.83 213.29 213.75 214.21 214.66 215.11 215.55 216.00 216.45 216.89 217.34 217.79 218.24 218.69 219.14 219.60 220.05 220.50 220.95 221.40 221.84 222.28 222.72 223.16 223.58 224.01 224.42 224.83 225.23 225.62 226.00 226.37 226.73 227.08 227.42
196.38 196.63 196.90 197.18 197.48 197.79 198.11 198.44 198.79 199.14 199.52 199.91 200.32 200.77 201.24 201.73 202.26 202.80 203.35 203.92 204.49 205.06 205.63 206.20 206.77 207.34 207.90 208.45 208.99 209.52 210.05 210.56 211.06 211.56 212.04 212.51 212.98 213.44 213.89 214.34 214.79 215.24 215.68 216.12 216.57 217.02 217.47 217.92 218.37 218.82 219.28 219.74 220.19 220.65 221.11 221.56 222.01 222.46 222.91 223.35 223.79 224.22 224.64 225.05 225.46 225.86 226.25 226.62 226.99 227.35 227.69
196.41 196.67 196.94 197.24 197.54 197.86 198.20 198.54 198.90 199.27 199.66 200.07 200.50 200.95 201.43 201.93 202.45 202.99 203.54 204.10 204.66 205.23 205.81 206.38 206.95 207.51 208.07 208.62 209.17 209.70 210.22 210.73 211.24 211.72 212.20 212.67 213.13 213.59 214.04 214.48 214.92 215.36 215.80 216.24 216.69 217.13 217.58 218.04 218.49 218.95 219.41 219.87 220.34 220.80 221.26 221.72 222.18 222.64 223.10 223.54 223.99 224.43 224.86 225.28 225.70 226.10 226.50 226.88 227.25 227.61 227.96
