Experimentos/Kriking/kriging_ordinario_var.asc
NCOLS          450       
NROWS          450       
XLLCENTER      -8789850.00
YLLCENTER      45000.00  
DX             522.00    
DY             555.00    
NODATA_VALUE   -999.00   
[rows 35 to 69 of 450, columns 0 to 78 of 450]
211.29 209.29 207.29 205.29 203.29 201.28 199.27 197.26 195.25 193.24 191.23 189.21 187.20 185.18 183.17 181.15 179.14 177.13 175.11 173.10 171.09 169.09 167.08 165.08 163.08 161.08 159.08 157.09 155.10 153.11 151.13 149.14 147.16 145.19 143.21 141.24 139.27 137.30 135.34 133.37 131.42 129.46 127.51 125.56 123.62 121.68 119.74 117.81 115.88 113.95 112.03 110.11 108.19 106.27 104.36 102.45 100.54 98.63 96.72 94.82 92.92 91.02 89.12 87.22 85.32 83.42 81.52 79.62 77.73 75.83 73.93 72.04 70.14 68.24 66.35 64.45 62.56 60.66 58.76
210.00 208.00 205.99 203.98 201.97 199.96 197.94 195.92 193.91 191.89 189.87 187.85 185.82 183.80 181.78 179.76 177.74 175.72 173.70 171.69 169.67 167.66 165.65 163.64 161.63 159.63 157.63 155.63 153.64 151.65 149.66 147.67 145.69 143.71 141.73 139.75 137.78 135.81 133.84 131.88 129.92 127.96 126.01 124.06 122.12 120.18 118.25 116.31 114.39 112.46 110.54 108.62 106.71 104.80 102.89 100.98 99.08 97.18 95.28 93.39 91.49 89.60 87.71 85.82 83.93 82.05 80.16 78.27 76.39 74.51 72.63 70.74 68.86 66.99 65.11 63.23 61.36 59.48 57.61
208.71 206.70 204.69 202.68 200.66 198.64 196.61 194.59 192.56 190.54 188.51 186.48 184.46 182.43 180.40 178.37 176.35 174.32 172.30 170.28 168.25 166.24 164.22 162.21 160.19 158.19 156.18 154.18 152.18 150.18 148.19 146.20 144.21 142.22 140.24 138.26 136.28 134.31 132.34 130.38 128.42 126.46 124.51 122.56 120.62 118.68 116.75 114.82 112.89 110.97 109.05 107.14 105.23 103.32 101.42 99.52 97.62 95.73 93.84 91.95 90.07 88.18 86.30 84.42 82.54 80.67 78.79 76.92 75.05 73.18 71.31 69.45 67.58 65.72 63.86 62.00 60.15 58.30 56.45
207.43 205.41 203.39 201.37 199.35 197.32 195.29 193.26 191.23 189.19 187.16 185.13 183.09 181.06 179.02 176.99 174.96 172.93 170.89 168.87 166.84 164.81 162.79 160.77 158.76 156.74 154.73 152.73 150.72 148.72 146.72 144.72 142.73 140.74 138.75 136.77 134.79 132.82 130.84 128.88 126.92 124.96 123.01 121.06 119.12 117.18 115.25 113.32 111.40 109.48 107.56 105.65 103.75 101.85 99.95 98.05 96.16 94.28 92.40 90.52 88.64 86.76 84.89 83.02 81.15 79.29 77.43 75.56 73.71 71.85 69.99 68.14 66.29 64.45 62.60 60.76 58.93 57.09 55.27
206.15 204.13 202.10 200.07 198.04 196.01 193.97 191.93 189.89 187.85 185.81 183.77 181.73 179.69 177.65 175.61 173.57 171.53 169.49 167.46 165.43 163.40 161.37 159.34 157.32 155.30 153.29 151.27 149.26 147.26 145.25 143.25 141.25 139.26 137.27 135.28 133.30 131.32 129.34 127.38 125.41 123.45 121.50 119.55 117.61 115.67 113.74 111.82 109.89 107.98 106.07 104.16 102.26 100.36 98.47 96.58 94.70 92.82 90.95 89.08 87.21 85.34 83.48 81.62 79.76 77.90 76.05 74.20 72.35 70.51 68.67 66.83 64.99 63.16 61.33 59.51 57.69 55.88 54.07
204.88 202.85 200.81 198.78 196.74 194.70 192.65 190.61 188.56 186.52 184.47 182.42 180.37 178.33 176.28 174.23 172.19 170.14 168.10 166.06 164.02 161.98 159.95 157.92 155.89 153.86 151.84 149.82 147.80 145.79 143.78 141.77 139.77 137.77 135.78 133.79 131.80 129.82 127.84 125.87 123.90 121.94 119.99 118.04 116.10 114.16 112.23 110.31 108.39 106.48 104.57 102.67 100.77 98.88 96.99 95.11 93.23 91.36 89.49 87.63 85.77 83.91 82.06 80.21 78.36 76.51 74.67 72.83 71.00 69.16 67.33 65.50 63.68 61.86 60.05 58.24 56.43 54.64 52.85
203.61 201.57 199.53 197.49 195.44 193.39 191.34 189.29 187.24 185.18 183.13 181.08 179.02 176.97 174.91 172.86 170.80 168.75 166.70 164.66 162.61 160.57 158.53 156.49 154.45 152.42 150.39 148.37 146.35 144.33 142.31 140.30 138.29 136.29 134.29 132.29 130.30 128.31 126.33 124.36 122.39 120.43 118.48 116.53 114.59 112.65 110.72 108.80 106.88 104.97 103.07 101.17 99.28 97.39 95.51 93.63 91.76 89.90 88.04 86.18 84.33 82.48 80.64 78.79 76.95 75.12 73.29 71.46 69.63 67.81 65.98 64.17 62.36 60.55 58.74 56.95 55.16 53.37 51.60
202.34 200.30 198.25 196.20 194.15 192.09 190.03 187.98 185.92 183.86 181.80 179.74 177.67 175.61 173.55 171.49 169.43 167.37 165.31 163.26 161.20 159.15 157.11 155.06 153.02 150.98 148.95 146.92 144.89 142.86 140.84 138.82 136.81 134.80 132.79 130.79 128.80 126.81 124.83 122.85 120.88 118.92 116.96 115.01 113.07 111.13 109.20 107.28 105.37 103.46 101.56 99.66 97.78 95.89 94.02 92.15 90.29 88.43 86.58 84.73 82.88 81.04 79.21 77.37 75.54 73.72 71.89 70.07 68.25 66.44 64.63 62.82 61.02 59.22 57.43 55.64 53.86 52.09 50.33
201.08 199.03 196.98 194.92 192.86 190.80 188.73 186.67 184.60 182.53 180.47 178.40 176.33 174.26 172.19 170.12 168.05 165.99 163.92 161.86 159.80 157.75 155.69 153.64 151.59 149.55 147.50 145.46 143.43 141.40 139.37 137.34 135.32 133.31 131.30 129.29 127.29 125.30 123.31 121.33 119.36 117.40 115.44 113.49 111.54 109.61 107.68 105.76 103.85 101.94 100.04 98.15 96.27 94.39 92.53 90.66 88.80 86.95 85.11 83.27 81.43 79.60 77.77 75.94 74.12 72.31 70.49 68.68 66.87 65.06 63.26 61.46 59.66 57.87 56.09 54.31 52.54 50.78 49.03
199.83 197.77 195.71 193.64 191.58 189.51 187.44 185.36 183.29 181.22 179.14 177.07 174.99 172.91 170.83 168.76 166.68 164.61 162.54 160.47 158.40 156.34 154.28 152.22 150.16 148.11 146.06 144.01 141.97 139.93 137.89 135.86 133.84 131.81 129.80 127.79 125.78 123.79 121.80 119.81 117.84 115.87 113.91 111.96 110.02 108.08 106.15 104.23 102.32 100.42 98.53 96.64 94.76 92.89 91.02 89.17 87.32 85.47 83.63 81.80 79.97 78.15 76.33 74.51 72.70 70.89 69.08 67.27 65.47 63.67 61.88 60.08 58.30 56.51 54.73 52.96 51.20 49.45 47.70
198.58 196.51 194.44 192.37 190.30 188.22 186.15 184.07 181.99 179.90 177.82 175.74 173.65 171.57 169.48 167.40 165.32 163.24 161.16 159.08 157.01 154.93 152.86 150.80 148.73 146.67 144.61 142.56 140.51 138.46 136.42 134.38 132.35 130.32 128.30 126.28 124.27 122.27 120.28 118.29 116.31 114.34 112.38 110.43 108.48 106.55 104.62 102.70 100.79 98.89 97.00 95.12 93.24 91.37 89.52 87.66 85.82 83.98 82.15 80.33 78.50 76.69 74.88 73.07 71.26 69.46 67.66 65.86 64.07 62.27 60.48 58.70 56.91 55.13 53.36 51.59 49.84 48.09 46.35
197.34 195.26 193.19 191.11 189.03 186.95 184.86 182.77 180.69 178.60 176.51 174.41 172.32 170.23 168.14 166.05 163.95 161.87 159.78 157.69 155.61 153.53 151.45 149.38 147.30 145.24 143.17 141.11 139.05 136.99 134.94 132.90 130.86 128.82 126.80 124.77 122.76 120.75 118.76 116.76 114.78 112.81 110.85 108.89 106.94 105.01 103.08 101.16 99.25 97.36 95.47 93.59 91.72 89.85 88.00 86.15 84.32 82.49 80.66 78.84 77.03 75.22 73.42 71.62 69.82 68.03 66.23 64.44 62.65 60.87 59.08 57.30 55.52 53.74 51.97 50.21 48.45 46.70 44.97
196.10 194.02 191.94 189.85 187.76 185.67 183.58 181.49 179.39 177.29 175.20 173.10 170.99 168.89 166.79 164.69 162.60 160.50 158.40 156.31 154.22 152.13 150.04 147.96 145.88 143.80 141.73 139.65 137.59 135.52 133.47 131.41 129.37 127.33 125.29 123.26 121.24 119.23 117.23 115.23 113.25 111.27 109.30 107.35 105.40 103.46 101.53 99.62 97.71 95.81 93.93 92.05 90.18 88.32 86.48 84.64 82.81 80.98 79.16 77.35 75.55 73.75 71.95 70.16 68.37 66.59 64.80 63.01 61.23 59.45 57.67 55.89 54.11 52.33 50.56 48.80 47.04 45.29 43.56
194.87 192.78 190.69 188.60 186.50 184.41 182.31 180.21 178.10 176.00 173.89 171.78 169.67 167.56 165.46 163.35 161.24 159.14 157.03 154.93 152.83 150.73 148.64 146.54 144.45 142.37 140.28 138.20 136.13 134.06 131.99 129.93 127.87 125.83 123.78 121.75 119.72 117.71 115.70 113.70 111.71 109.73 107.76 105.80 103.85 101.91 99.98 98.06 96.16 94.26 92.38 90.50 88.64 86.79 84.94 83.11 81.29 79.47 77.66 75.86 74.06 72.27 70.48 68.70 66.92 65.14 63.36 61.58 59.80 58.02 56.24 54.47 52.69 50.91 49.14 47.37 45.61 43.86 42.12
193.64 191.55 189.45 187.35 185.25 183.15 181.04 178.93 176.82 174.70 172.59 170.47 168.36 166.24 164.12 162.01 159.89 157.78 155.66 153.55 151.44 149.34 147.23 145.13 143.03 140.93 138.84 136.75 134.67 132.59 130.51 128.44 126.38 124.33 122.28 120.24 118.20 116.18 114.16 112.16 110.16 108.18 106.21 104.24 102.29 100.35 98.42 96.50 94.60 92.70 90.82 88.95 87.09 85.24 83.40 81.57 79.76 77.95 76.15 74.35 72.56 70.78 69.00 67.23 65.45 63.68 61.91 60.14 58.37 56.59 54.81 53.04 51.26 49.48 47.70 45.93 44.16 42.41 40.66
192.42 190.32 188.22 186.11 184.01 181.89 179.78 177.66 175.54 173.42 171.29 169.17 167.04 164.92 162.79 160.67 158.54 156.42 154.30 152.18 150.06 147.94 145.83 143.72 141.61 139.50 137.40 135.30 133.21 131.12 129.04 126.96 124.89 122.82 120.77 118.72 116.68 114.65 112.63 110.62 108.62 106.63 104.65 102.68 100.72 98.78 96.85 94.93 93.03 91.13 89.25 87.38 85.53 83.68 81.85 80.03 78.22 76.41 74.62 72.84 71.06 69.28 67.51 65.75 63.98 62.22 60.46 58.69 56.92 55.15 53.38 51.60 49.82 48.04 46.26 44.48 42.70 40.93 39.18
191.21 189.11 187.00 184.88 182.77 180.65 178.52 176.40 174.27 172.14 170.01 167.87 165.74 163.60 161.47 159.34 157.20 155.07 152.94 150.81 148.68 146.55 144.43 142.31 140.19 138.08 135.96 133.85 131.75 129.65 127.56 125.47 123.39 121.32 119.25 117.20 115.15 113.11 111.08 109.07 107.06 105.07 103.08 101.11 99.15 97.21 95.27 93.35 91.45 89.55 87.67 85.81 83.96 82.12 80.29 78.47 76.67 74.87 73.09 71.31 69.54 67.78 66.02 64.26 62.51 60.76 59.00 57.24 55.48 53.71 51.94 50.16 48.38 46.59 44.80 43.01 41.22 39.44 37.68
190.01 187.89 185.78 183.66 181.53 179.40 177.27 175.14 173.00 170.86 168.72 166.58 164.44 162.29 160.15 158.01 155.87 153.72 151.58 149.44 147.31 145.17 143.04 140.90 138.78 136.65 134.53 132.41 130.29 128.19 126.08 123.99 121.90 119.82 117.74 115.68 113.62 111.57 109.54 107.51 105.50 103.50 101.51 99.54 97.57 95.62 93.69 91.77 89.86 87.97 86.09 84.22 82.37 80.54 78.71 76.90 75.11 73.32 71.54 69.78 68.02 66.26 64.52 62.77 61.03 59.28 57.54 55.79 54.04 52.27 50.50 48.73 46.94 45.15 43.35 41.54 39.74 37.94 36.15
188.81 186.69 184.57 182.44 180.30 178.17 176.03 173.89 171.74 169.60 167.45 165.30 163.14 160.99 158.84 156.69 154.53 152.38 150.23 148.08 145.93 143.79 141.64 139.50 137.36 135.23 133.09 130.96 128.84 126.72 124.61 122.50 120.40 118.31 116.23 114.15 112.09 110.03 107.99 105.96 103.94 101.93 99.93 97.95 95.98 94.03 92.09 90.17 88.26 86.37 84.49 82.63 80.78 78.95 77.13 75.32 73.53 71.75 69.99 68.23 66.48 64.74 63.00 61.27 59.54 57.81 56.08 54.34 52.59 50.84 49.07 47.29 45.51 43.70 41.89 40.07 38.25 36.43 34.62
187.62 185.49 183.36 181.23 179.09 176.94 174.79 172.64 170.49 168.33 166.18 164.02 161.86 159.69 157.53 155.37 153.21 151.05 148.89 146.73 144.57 142.41 140.26 138.11 135.95 133.81 131.66 129.52 127.39 125.26 123.13 121.02 118.91 116.81 114.71 112.63 110.55 108.49 106.44 104.40 102.37 100.35 98.35 96.36 94.39 92.43 90.49 88.56 86.65 84.75 82.88 81.02 79.17 77.34 75.53 73.73 71.95 70.18 68.42 66.67 64.93 63.21 61.48 59.77 58.05 56.33 54.61 52.89 51.15 49.40 47.65 45.87 44.08 42.27 40.45 38.61 36.77 34.92 33.07
186.44 184.30 182.16 180.02 177.87 175.72 173.57 171.41 169.24 167.08 164.91 162.75 160.58 158.41 156.23 154.06 151.89 149.72 147.55 145.38 143.21 141.04 138.88 136.71 134.55 132.39 130.24 128.09 125.94 123.80 121.66 119.53 117.41 115.30 113.20 111.10 109.02 106.94 104.88 102.83 100.79 98.77 96.76 94.76 92.78 90.82 88.87 86.94 85.03 83.13 81.25 79.39 77.55 75.72 73.91 72.12 70.34 68.58 66.84 65.10 63.38 61.66 59.95 58.25 56.55 54.85 53.15 51.44 49.71 47.98 46.23 44.46 42.67 40.86 39.03 37.17 35.30 33.41 31.52
185.26 183.12 180.97 178.82 176.67 174.51 172.34 170.18 168.01 165.83 163.66 161.48 159.30 157.12 154.94 152.76 150.58 148.40 146.22 144.04 141.86 139.68 137.50 135.33 133.15 130.98 128.81 126.65 124.49 122.34 120.19 118.05 115.92 113.80 111.68 109.57 107.48 105.39 103.32 101.26 99.21 97.18 95.16 93.16 91.17 89.20 87.25 85.31 83.40 81.50 79.62 77.76 75.91 74.09 72.29 70.50 68.73 66.98 65.24 63.51 61.80 60.11 58.41 56.73 55.05 53.37 51.68 49.99 48.28 46.57 44.83 43.07 41.28 39.47 37.63 35.75 33.86 31.93 30.00
184.10 181.95 179.79 177.63 175.47 173.30 171.13 168.96 166.78 164.60 162.41 160.23 158.04 155.85 153.66 151.47 149.28 147.09 144.89 142.70 140.51 138.32 136.13 133.94 131.76 129.58 127.40 125.22 123.05 120.89 118.73 116.57 114.43 112.29 110.16 108.05 105.94 103.84 101.76 99.69 97.63 95.59 93.56 91.55 89.55 87.57 85.61 83.67 81.75 79.85 77.97 76.11 74.26 72.44 70.64 68.86 67.09 65.35 63.62 61.91 60.22 58.53 56.86 55.20 53.54 51.88 50.21 48.54 46.86 45.16 43.44 41.70 39.92 38.11 36.27 34.38 32.46 30.50 28.51
182.94 180.78 178.62 176.45 174.28 172.11 169.93 167.74 165.56 163.37 161.17 158.98 156.78 154.58 152.39 150.18 147.98 145.78 143.58 141.37 139.17 136.97 134.77 132.57 130.37 128.18 125.99 123.80 121.62 119.44 117.26 115.10 112.94 110.79 108.65 106.52 104.40 102.29 100.19 98.11 96.04 93.99 91.95 89.93 87.92 85.94 83.97 82.02 80.09 78.19 76.30 74.44 72.60 70.78 68.98 67.20 65.44 63.71 61.99 60.29 58.61 56.95 55.29 53.65 52.01 50.38 48.74 47.10 45.45 43.78 42.08 40.36 38.60 36.80 34.95 33.06 31.11 29.12 27.08
181.78 179.62 177.45 175.28 173.10 170.92 168.73 166.54 164.34 162.15 159.94 157.74 155.54 153.33 151.12 148.91 146.70 144.48 142.27 140.06 137.84 135.63 133.41 131.20 128.99 126.79 124.58 122.38 120.18 117.99 115.81 113.63 111.45 109.29 107.14 104.99 102.86 100.73 98.63 96.53 94.45 92.38 90.33 88.30 86.28 84.29 82.31 80.36 78.43 76.51 74.62 72.76 70.91 69.09 67.30 65.52 63.77 62.04 60.34 58.65 56.99 55.34 53.71 52.09 50.48 48.88 47.27 45.66 44.04 42.40 40.74 39.04 37.31 35.53 33.69 31.80 29.85 27.83 25.75
180.64 178.47 176.30 174.12 171.93 169.74 167.54 165.34 163.14 160.94 158.73 156.51 154.30 152.08 149.86 147.64 145.42 143.20 140.97 138.75 136.52 134.29 132.07 129.84 127.62 125.40 123.18 120.97 118.76 116.55 114.35 112.16 109.97 107.79 105.62 103.47 101.32 99.18 97.06 94.95 92.85 90.77 88.71 86.67 84.64 82.63 80.65 78.69 76.74 74.83 72.93 71.06 69.21 67.39 65.59 63.82 62.08 60.36 58.66 56.99 55.34 53.72 52.11 50.51 48.93 47.36 45.79 44.22 42.63 41.03 39.41 37.75 36.05 34.30 32.50 30.62 28.68 26.65 24.55
179.51 177.33 175.15 172.96 170.77 168.57 166.37 164.16 161.95 159.74 157.52 155.30 153.07 150.85 148.62 146.39 144.15 141.92 139.68 137.45 135.21 132.97 130.73 128.49 126.26 124.03 121.79 119.57 117.34 115.12 112.90 110.70 108.49 106.30 104.12 101.94 99.78 97.63 95.49 93.36 91.25 89.16 87.08 85.03 82.99 80.97 78.97 77.00 75.05 73.12 71.22 69.34 67.49 65.67 63.87 62.10 60.36 58.65 56.96 55.31 53.67 52.07 50.48 48.91 47.37 45.83 44.30 42.77 41.23 39.68 38.10 36.49 34.84 33.14 31.37 29.53 27.61 25.60 23.50
178.38 176.20 174.01 171.82 169.62 167.41 165.20 162.99 160.77 158.55 156.32 154.09 151.86 149.62 147.38 145.14 142.90 140.65 138.40 136.16 133.91 131.66 129.41 127.16 124.91 122.66 120.41 118.17 115.93 113.69 111.46 109.24 107.02 104.81 102.61 100.42 98.24 96.08 93.92 91.78 89.65 87.55 85.45 83.38 81.33 79.30 77.29 75.30 73.34 71.41 69.50 67.61 65.76 63.93 62.13 60.36 58.62 56.92 55.24 53.59 51.97 50.39 48.82 47.29 45.77 44.27 42.79 41.31 39.82 38.32 36.81 35.26 33.66 32.02 30.31 28.52 26.65 24.68 22.61
177.27 175.08 172.88 170.68 168.48 166.26 164.05 161.82 159.60 157.37 155.13 152.89 150.65 148.41 146.16 143.91 141.65 139.40 137.14 134.88 132.62 130.35 128.09 125.83 123.56 121.30 119.04 116.78 114.53 112.28 110.03 107.79 105.56 103.33 101.11 98.91 96.71 94.53 92.35 90.20 88.05 85.93 83.82 81.73 79.67 77.62 75.60 73.60 71.62 69.68 67.76 65.86 64.00 62.17 60.37 58.60 56.86 55.15 53.48 51.85 50.24 48.67 47.14 45.63 44.15 42.69 41.25 39.83 38.40 36.97 35.52 34.04 32.52 30.94 29.30 27.58 25.78 23.88 21.88
176.16 173.97 171.77 169.56 167.35 165.13 162.90 160.67 158.44 156.20 153.96 151.71 149.46 147.21 144.95 142.69 140.42 138.15 135.88 133.61 131.34 129.06 126.79 124.51 122.23 119.96 117.68 115.41 113.14 110.87 108.61 106.35 104.10 101.86 99.62 97.40 95.18 92.98 90.79 88.61 86.45 84.31 82.18 80.08 77.99 75.93 73.89 71.88 69.89 67.93 66.00 64.10 62.23 60.39 58.58 56.80 55.06 53.36 51.70 50.07 48.48 46.92 45.41 43.93 42.49 41.08 39.69 38.32 36.96 35.60 34.22 32.82 31.39 29.90 28.34 26.72 25.00 23.19 21.29
175.07 172.87 170.66 168.45 166.23 164.00 161.77 159.54 157.29 155.05 152.80 150.54 148.28 146.02 143.75 141.48 139.20 136.92 134.64 132.36 130.07 127.78 125.50 123.20 120.91 118.62 116.33 114.04 111.76 109.47 107.20 104.92 102.65 100.39 98.14 95.89 93.66 91.44 89.23 87.03 84.85 82.69 80.55 78.42 76.32 74.24 72.19 70.16 68.15 66.18 64.23 62.32 60.43 58.58 56.77 54.99 53.24 51.54 49.87 48.25 46.67 45.13 43.64 42.19 40.78 39.42 38.08 36.78 35.49 34.21 32.92 31.61 30.27 28.88 27.42 25.90 24.28 22.58 20.79
173.99 171.78 169.57 167.35 165.12 162.89 160.65 158.41 156.16 153.91 151.65 149.38 147.12 144.84 142.56 140.28 138.00 135.71 133.41 131.12 128.82 126.52 124.22 121.91 119.61 117.30 115.00 112.69 110.39 108.09 105.79 103.50 101.22 98.94 96.66 94.40 92.14 89.90 87.67 85.46 83.26 81.07 78.91 76.76 74.64 72.54 70.47 68.42 66.40 64.41 62.45 60.52 58.62 56.76 54.94 53.15 51.40 49.69 48.02 46.40 44.82 43.30 41.82 40.40 39.03 37.70 36.43 35.19 33.97 32.78 31.59 30.38 29.15 27.87 26.52 25.11 23.61 22.01 20.33
172.91 170.70 168.48 166.26 164.03 161.79 159.55 157.30 155.04 152.78 150.51 148.24 145.96 143.68 141.39 139.10 136.81 134.51 132.20 129.90 127.59 125.27 122.96 120.64 118.32 116.00 113.68 111.36 109.04 106.72 104.41 102.10 99.79 97.49 95.20 92.91 90.64 88.37 86.12 83.88 81.66 79.46 77.27 75.11 72.96 70.84 68.75 66.68 64.64 62.63 60.66 58.71 56.80 54.92 53.08 51.28 49.52 47.80 46.13 44.50 42.93 41.41 39.95 38.55 37.21 35.93 34.71 33.54 32.41 31.31 30.22 29.13 28.01 26.85 25.63 24.33 22.95 21.47 19.90
171.85 169.64 167.41 165.18 162.95 160.70 158.45 156.20 153.93 151.66 149.39 147.11 144.83 142.53 140.24 137.94 135.63 133.32 131.01 128.69 126.37 124.04 121.71 119.38 117.04 114.71 112.37 110.04 107.70 105.36 103.03 100.70 98.38 96.06 93.74 91.44 89.14 86.86 84.58 82.32 80.08 77.85 75.64 73.45 71.28 69.14 67.03 64.94 62.88 60.85 58.85 56.89 54.96 53.07 51.21 49.39 47.62 45.89 44.20 42.57 40.99 39.47 38.02 36.63 35.32 34.08 32.92 31.82 30.78 29.78 28.80 27.83 26.85 25.82 24.73 23.56 22.30 20.93 19.46
170.81 168.58 166.36 164.12 161.88 159.63 157.37 155.11 152.84 150.57 148.28 146.00 143.70 141.40 139.10 136.79 134.47 132.15 129.83 127.50 125.16 122.82 120.48 118.14 115.79 113.44 111.09 108.73 106.38 104.03 101.67 99.33 96.98 94.64 92.30 89.98 87.66 85.35 83.05 80.77 78.50 76.24 74.01 71.80 69.61 67.44 65.30 63.19 61.11 59.06 57.04 55.05 53.11 51.19 49.32 47.49 45.70 43.95 42.25 40.60 39.01 37.48 36.02 34.65 33.36 32.15 31.04 30.01 29.06 28.17 27.32 26.49 25.64 24.76 23.82 22.78 21.65 20.40 19.02
