Experimentos/Kriking/kriging_ordinario_var.asc
NCOLS          450       
NROWS          450       
XLLCENTER      -8789850.00
YLLCENTER      45000.00  
DX             522.00    
DY             555.00    
NODATA_VALUE   -999.00   
[rows 210 to 244 of 450, columns 0 to 78 of 450]
25.14 23.56 22.07 20.66 19.35 18.16 17.13 16.30 15.72 15.45 15.48 15.79 16.32 16.97 17.65 18.27 18.79 19.16 19.35 19.34 19.15 18.78 18.24 17.58 16.83 16.06 15.34 14.75 14.33 14.11 14.08 14.16 14.28 14.35 14.34 14.23 14.05 13.86 13.70 13.64 13.68 13.79 13.92 13.99 13.99 13.91 13.77 13.64 13.56 13.58 13.69 13.82 13.94 13.98 13.94 13.83 13.69 13.58 13.56 13.63 13.76 13.91 14.01 14.03 13.99 13.92 13.90 14.00 14.28 14.73 15.34 16.03 16.72 17.36 17.90 18.29 18.51 18.56 18.41
25.57 23.78 22.05 20.37 18.77 17.26 15.90 14.76 13.93 13.49 13.50 13.91 14.62 15.48 16.38 17.20 17.88 18.36 18.64 18.68 18.49 18.08 17.48 16.70 15.80 14.86 13.95 13.19 12.69 12.49 12.57 12.80 13.05 13.21 13.22 13.06 12.77 12.44 12.19 12.10 12.20 12.42 12.65 12.80 12.80 12.65 12.41 12.17 12.04 12.08 12.27 12.52 12.73 12.81 12.73 12.53 12.27 12.08 12.03 12.16 12.40 12.65 12.81 12.83 12.71 12.52 12.37 12.40 12.69 13.27 14.05 14.94 15.82 16.62 17.27 17.74 18.01 18.06 17.89
25.97 23.98 22.01 20.06 18.15 16.29 14.55 13.02 11.84 11.20 11.19 11.77 12.76 13.93 15.10 16.14 16.99 17.60 17.95 18.03 17.84 17.39 16.70 15.78 14.69 13.50 12.32 11.31 10.67 10.50 10.76 11.24 11.70 11.99 12.02 11.77 11.30 10.76 10.33 10.19 10.40 10.82 11.24 11.50 11.51 11.26 10.83 10.39 10.14 10.22 10.58 11.03 11.40 11.53 11.40 11.05 10.59 10.22 10.14 10.38 10.81 11.25 11.51 11.52 11.28 10.88 10.51 10.41 10.73 11.50 12.55 13.71 14.83 15.81 16.60 17.17 17.48 17.54 17.34
26.41 24.23 22.04 19.83 17.61 15.39 13.22 11.20 9.53 8.55 8.54 9.44 10.86 12.42 13.91 15.19 16.20 16.93 17.35 17.46 17.26 16.76 15.97 14.91 13.60 12.11 10.56 9.15 8.24 8.13 8.72 9.59 10.37 10.82 10.87 10.50 9.77 8.87 8.11 7.88 8.31 9.08 9.81 10.24 10.25 9.85 9.13 8.34 7.86 8.01 8.68 9.48 10.08 10.30 10.09 9.51 8.71 8.02 7.85 8.32 9.10 9.83 10.25 10.25 9.84 9.13 8.38 8.01 8.40 9.49 10.95 12.46 13.86 15.04 15.97 16.62 16.98 17.05 16.82
26.93 24.59 22.21 19.78 17.28 14.73 12.13 9.56 7.19 5.57 5.57 7.10 9.15 11.16 12.95 14.44 15.60 16.41 16.88 17.01 16.79 16.24 15.37 14.18 12.68 10.89 8.90 6.89 5.42 5.40 6.63 8.09 9.23 9.87 9.94 9.43 8.40 6.98 5.59 5.14 6.05 7.44 8.57 9.19 9.21 8.63 7.53 6.14 5.15 5.48 6.77 8.08 8.96 9.28 8.98 8.12 6.82 5.51 5.13 6.09 7.48 8.60 9.20 9.20 8.61 7.49 6.11 5.20 5.74 7.46 9.47 11.37 13.03 14.38 15.42 16.14 16.54 16.61 16.36
27.60 25.13 22.61 20.01 17.32 14.52 11.61 8.58 5.45 2.51 2.57 5.34 8.05 10.42 12.41 14.02 15.24 16.10 16.58 16.70 16.47 15.89 14.96 13.68 12.06 10.09 7.77 5.11 2.41 2.59 5.05 7.11 8.53 9.29 9.38 8.79 7.52 5.60 3.17 1.95 4.16 6.32 7.80 8.56 8.58 7.87 6.44 4.33 2.04 2.98 5.35 7.16 8.27 8.64 8.29 7.21 5.42 3.06 1.99 4.24 6.37 7.82 8.55 8.55 7.82 6.37 4.25 1.99 3.18 5.94 8.48 10.65 12.46 13.91 15.02 15.78 16.19 16.27 16.01
28.44 25.90 23.29 20.60 17.82 14.93 11.93 8.81 5.61 2.64 2.66 5.38 8.07 10.42 12.40 13.99 15.19 16.02 16.48 16.58 16.31 15.70 14.75 13.46 11.84 9.89 7.60 5.01 2.42 2.60 4.98 7.00 8.41 9.17 9.27 8.70 7.47 5.58 3.20 2.02 4.16 6.28 7.73 8.47 8.47 7.76 6.35 4.28 2.08 2.97 5.26 7.03 8.11 8.48 8.13 7.08 5.33 3.05 2.03 4.19 6.26 7.68 8.39 8.39 7.68 6.26 4.19 2.03 3.15 5.82 8.29 10.43 12.22 13.66 14.77 15.53 15.95 16.03 15.76
29.49 26.91 24.27 21.58 18.82 16.00 13.14 10.32 7.73 5.93 5.81 7.25 9.23 11.20 12.94 14.37 15.46 16.20 16.59 16.62 16.32 15.69 14.74 13.49 11.96 10.20 8.28 6.39 5.05 5.06 6.24 7.66 8.79 9.45 9.58 9.15 8.20 6.86 5.53 5.10 5.96 7.26 8.31 8.86 8.82 8.22 7.13 5.80 4.86 5.15 6.35 7.57 8.41 8.70 8.43 7.61 6.39 5.18 4.84 5.72 7.02 8.07 8.64 8.64 8.07 7.02 5.72 4.86 5.34 6.93 8.82 10.65 12.26 13.61 14.66 15.39 15.80 15.87 15.62
30.73 28.17 25.57 22.93 20.27 17.62 15.03 12.62 10.60 9.32 9.09 9.83 11.12 12.57 13.95 15.12 16.02 16.61 16.88 16.84 16.47 15.81 14.86 13.66 12.26 10.74 9.21 7.89 7.08 7.03 7.65 8.56 9.40 9.97 10.14 9.91 9.32 8.53 7.84 7.62 7.99 8.66 9.25 9.54 9.43 8.93 8.16 7.36 6.88 6.99 7.60 8.34 8.90 9.11 8.92 8.37 7.63 7.00 6.84 7.27 8.00 8.68 9.07 9.06 8.67 7.99 7.27 6.91 7.23 8.22 9.59 11.06 12.45 13.67 14.64 15.33 15.71 15.79 15.54
32.18 29.66 27.12 24.59 22.08 19.64 17.33 15.27 13.62 12.57 12.23 12.55 13.33 14.31 15.30 16.16 16.82 17.22 17.35 17.19 16.74 16.02 15.05 13.88 12.56 11.20 9.91 8.89 8.29 8.22 8.62 9.28 9.97 10.50 10.78 10.76 10.49 10.10 9.75 9.62 9.75 10.02 10.25 10.28 10.04 9.57 8.96 8.39 8.07 8.11 8.46 8.93 9.31 9.46 9.33 8.95 8.48 8.10 8.01 8.26 8.71 9.16 9.43 9.43 9.16 8.71 8.28 8.11 8.38 9.11 10.18 11.41 12.63 13.74 14.64 15.30 15.67 15.74 15.50
33.79 31.34 28.90 26.50 24.15 21.91 19.85 18.04 16.61 15.65 15.21 15.25 15.64 16.22 16.85 17.41 17.81 18.01 17.96 17.66 17.10 16.29 15.26 14.05 12.73 11.39 10.17 9.21 8.67 8.60 8.96 9.59 10.29 10.90 11.32 11.52 11.51 11.38 11.23 11.14 11.14 11.16 11.10 10.90 10.49 9.93 9.30 8.75 8.45 8.46 8.74 9.14 9.46 9.59 9.47 9.15 8.75 8.44 8.37 8.57 8.95 9.33 9.56 9.56 9.32 8.95 8.60 8.48 8.74 9.40 10.38 11.53 12.69 13.75 14.63 15.27 15.63 15.70 15.47
35.56 33.19 30.85 28.57 26.38 24.32 22.44 20.82 19.52 18.59 18.05 17.87 17.96 18.21 18.52 18.79 18.94 18.92 18.69 18.23 17.54 16.61 15.47 14.16 12.72 11.26 9.91 8.82 8.21 8.16 8.63 9.42 10.29 11.09 11.70 12.10 12.30 12.36 12.33 12.26 12.17 12.01 11.74 11.31 10.69 9.92 9.10 8.40 8.01 8.03 8.40 8.89 9.28 9.44 9.30 8.91 8.41 8.02 7.93 8.18 8.66 9.12 9.41 9.40 9.12 8.65 8.20 8.02 8.29 9.04 10.13 11.36 12.58 13.68 14.57 15.22 15.58 15.65 15.42
37.44 35.15 32.92 30.77 28.71 26.79 25.06 23.55 22.31 21.38 20.74 20.38 20.23 20.22 20.25 20.26 20.17 19.94 19.53 18.91 18.06 16.99 15.71 14.23 12.61 10.89 9.21 7.77 6.90 6.89 7.66 8.82 10.02 11.07 11.90 12.49 12.86 13.04 13.09 13.04 12.88 12.59 12.15 11.51 10.65 9.59 8.42 7.35 6.73 6.83 7.48 8.27 8.85 9.07 8.87 8.29 7.51 6.83 6.66 7.12 7.90 8.62 9.02 9.02 8.61 7.90 7.13 6.72 7.06 8.09 9.49 10.96 12.34 13.53 14.48 15.15 15.53 15.60 15.37
39.41 37.21 35.08 33.02 31.08 29.28 27.64 26.21 25.00 24.04 23.32 22.81 22.46 22.22 22.02 21.79 21.49 21.06 20.46 19.68 18.69 17.47 16.03 14.38 12.52 10.48 8.34 6.26 4.79 4.84 6.26 8.01 9.62 10.96 11.98 12.72 13.20 13.47 13.57 13.51 13.31 12.94 12.38 11.57 10.49 9.11 7.48 5.78 4.62 4.92 6.21 7.49 8.35 8.65 8.37 7.53 6.26 4.95 4.57 5.54 6.91 8.00 8.58 8.58 8.00 6.91 5.54 4.59 5.10 6.76 8.68 10.49 12.07 13.37 14.38 15.09 15.49 15.56 15.31
41.45 39.33 37.28 35.32 33.47 31.74 30.18 28.79 27.60 26.60 25.79 25.14 24.63 24.19 23.79 23.36 22.87 22.26 21.50 20.57 19.44 18.09 16.52 14.72 12.67 10.37 7.81 5.00 2.16 2.39 5.07 7.45 9.38 10.89 12.03 12.84 13.38 13.68 13.79 13.74 13.51 13.10 12.47 11.57 10.36 8.77 6.77 4.32 1.77 2.78 5.17 6.95 8.02 8.39 8.04 7.00 5.24 2.87 1.70 4.07 6.18 7.60 8.30 8.30 7.60 6.18 4.08 1.70 2.95 5.69 8.12 10.18 11.90 13.28 14.33 15.06 15.46 15.53 15.28
43.53 41.48 39.51 37.62 35.84 34.18 32.66 31.30 30.09 29.05 28.16 27.40 26.74 26.15 25.57 24.97 24.31 23.54 22.64 21.58 20.34 18.89 17.24 15.35 13.22 10.85 8.23 5.40 2.74 2.89 5.32 7.63 9.52 11.00 12.11 12.89 13.40 13.69 13.79 13.72 13.50 13.09 12.46 11.57 10.37 8.81 6.85 4.52 2.34 3.12 5.30 7.01 8.06 8.41 8.08 7.06 5.37 3.20 2.28 4.27 6.27 7.64 8.33 8.33 7.64 6.27 4.28 2.28 3.29 5.83 8.19 10.22 11.91 13.28 14.33 15.06 15.46 15.53 15.28
45.64 43.66 41.75 39.92 38.19 36.58 35.09 33.73 32.51 31.42 30.46 29.60 28.81 28.08 27.35 26.61 25.80 24.90 23.89 22.73 21.40 19.90 18.21 16.32 14.24 12.00 9.67 7.44 5.88 5.79 7.00 8.61 10.10 11.32 12.24 12.88 13.28 13.49 13.55 13.47 13.26 12.90 12.35 11.57 10.52 9.20 7.66 6.10 5.09 5.33 6.45 7.63 8.44 8.72 8.45 7.67 6.50 5.35 5.03 5.86 7.10 8.11 8.66 8.66 8.11 7.09 5.86 5.06 5.52 7.02 8.83 10.57 12.11 13.39 14.39 15.09 15.48 15.56 15.31
47.77 45.84 43.98 42.20 40.52 38.93 37.46 36.10 34.86 33.72 32.69 31.74 30.85 29.99 29.15 28.27 27.35 26.34 25.24 24.00 22.63 21.10 19.43 17.60 15.66 13.64 11.68 9.97 8.84 8.58 9.09 10.00 10.97 11.79 12.40 12.79 13.00 13.07 13.05 12.95 12.78 12.51 12.10 11.49 10.68 9.68 8.58 7.60 7.04 7.11 7.69 8.40 8.94 9.15 8.96 8.42 7.71 7.11 6.96 7.36 8.07 8.72 9.10 9.10 8.72 8.06 7.38 7.03 7.35 8.30 9.62 11.04 12.38 13.55 14.48 15.15 15.52 15.59 15.36
49.90 48.02 46.20 44.46 42.80 41.24 39.77 38.41 37.14 35.96 34.86 33.83 32.85 31.90 30.94 29.97 28.95 27.86 26.68 25.40 24.00 22.48 20.85 19.12 17.33 15.54 13.87 12.46 11.49 11.06 11.12 11.48 11.92 12.29 12.52 12.59 12.53 12.40 12.25 12.13 12.02 11.88 11.65 11.26 10.68 9.95 9.18 8.52 8.15 8.17 8.51 8.97 9.34 9.48 9.35 8.98 8.51 8.15 8.06 8.30 8.74 9.18 9.45 9.45 9.18 8.74 8.32 8.16 8.43 9.16 10.20 11.40 12.60 13.67 14.55 15.19 15.55 15.62 15.40
52.03 50.18 48.40 46.69 45.06 43.51 42.04 40.66 39.36 38.14 36.99 35.89 34.83 33.79 32.75 31.69 30.59 29.44 28.21 26.89 25.49 23.99 22.42 20.78 19.13 17.53 16.04 14.78 13.84 13.24 12.95 12.86 12.83 12.75 12.56 12.24 11.84 11.43 11.10 10.94 10.92 10.97 10.97 10.80 10.43 9.89 9.28 8.74 8.44 8.45 8.74 9.13 9.46 9.58 9.46 9.14 8.74 8.43 8.36 8.56 8.93 9.32 9.56 9.55 9.31 8.93 8.58 8.47 8.73 9.39 10.37 11.51 12.66 13.71 14.58 15.21 15.56 15.63 15.41
54.16 52.34 50.58 48.89 47.27 45.73 44.26 42.86 41.54 40.28 39.07 37.91 36.79 35.68 34.57 33.44 32.28 31.07 29.80 28.47 27.06 25.60 24.08 22.53 20.99 19.50 18.12 16.92 15.93 15.17 14.59 14.12 13.68 13.16 12.53 11.77 10.94 10.14 9.55 9.32 9.46 9.79 10.07 10.15 9.94 9.47 8.84 8.25 7.91 7.96 8.34 8.85 9.25 9.41 9.26 8.86 8.35 7.94 7.84 8.11 8.60 9.09 9.38 9.37 9.08 8.60 8.13 7.94 8.22 8.98 10.08 11.33 12.55 13.65 14.54 15.18 15.55 15.62 15.40
56.27 54.47 52.74 51.06 49.45 47.91 46.43 45.02 43.67 42.37 41.12 39.91 38.73 37.56 36.39 35.20 33.99 32.74 31.44 30.10 28.70 27.26 25.79 24.31 22.84 21.42 20.09 18.89 17.82 16.90 16.07 15.28 14.46 13.55 12.48 11.26 9.91 8.58 7.56 7.22 7.63 8.40 9.07 9.41 9.31 8.80 7.98 7.10 6.56 6.70 7.39 8.20 8.81 9.03 8.82 8.23 7.41 6.70 6.52 7.00 7.82 8.56 8.98 8.98 8.56 7.82 7.01 6.58 6.92 7.99 9.42 10.92 12.31 13.51 14.46 15.14 15.52 15.59 15.36
58.36 56.59 54.87 53.21 51.60 50.06 48.57 47.14 45.76 44.43 43.15 41.89 40.66 39.43 38.21 36.98 35.73 34.44 33.13 31.77 30.38 28.96 27.52 26.08 24.66 23.27 21.96 20.72 19.57 18.49 17.44 16.39 15.26 14.00 12.55 10.87 8.98 6.95 5.16 4.57 5.57 7.03 8.17 8.76 8.74 8.11 6.95 5.48 4.39 4.74 6.10 7.43 8.31 8.62 8.33 7.47 6.15 4.77 4.36 5.40 6.83 7.96 8.55 8.55 7.96 6.83 5.40 4.38 4.92 6.65 8.62 10.46 12.05 13.36 14.38 15.09 15.49 15.56 15.32
60.44 58.68 56.98 55.32 53.72 52.17 50.67 49.23 47.82 46.46 45.14 43.84 42.57 41.30 40.04 38.76 37.48 36.17 34.83 33.47 32.09 30.68 29.26 27.84 26.44 25.06 23.73 22.45 21.21 19.99 18.78 17.51 16.14 14.62 12.88 10.87 8.56 5.92 2.98 1.42 3.97 6.20 7.70 8.45 8.46 7.74 6.28 4.12 1.53 2.66 5.14 6.95 8.04 8.41 8.06 6.99 5.21 2.75 1.46 4.01 6.15 7.58 8.29 8.29 7.58 6.15 4.01 1.47 2.84 5.65 8.10 10.17 11.89 13.28 14.33 15.06 15.47 15.55 15.30
62.50 60.76 59.06 57.41 55.81 54.25 52.74 51.28 49.86 48.47 47.11 45.78 44.47 43.16 41.86 40.55 39.24 37.91 36.56 35.19 33.80 32.40 30.99 29.58 28.18 26.80 25.44 24.11 22.79 21.47 20.11 18.70 17.17 15.48 13.59 11.46 9.07 6.42 3.74 2.60 4.45 6.47 7.91 8.65 8.67 7.97 6.58 4.58 2.63 3.36 5.47 7.17 8.20 8.53 8.18 7.14 5.46 3.36 2.53 4.38 6.31 7.67 8.35 8.35 7.67 6.32 4.38 2.53 3.46 5.90 8.22 10.24 11.93 13.30 14.35 15.07 15.48 15.56 15.31
64.55 62.81 61.12 59.47 57.87 56.31 54.79 53.30 51.86 50.45 49.06 47.70 46.35 45.01 43.68 42.34 41.00 39.65 38.28 36.90 35.51 34.11 32.70 31.29 29.88 28.49 27.10 25.72 24.34 22.94 21.49 19.98 18.36 16.61 14.71 12.65 10.47 8.30 6.54 5.89 6.59 7.80 8.83 9.39 9.40 8.83 7.78 6.51 5.63 5.86 6.93 8.04 8.78 9.00 8.67 7.84 6.66 5.54 5.22 6.00 7.18 8.16 8.69 8.69 8.16 7.18 6.00 5.25 5.69 7.13 8.90 10.61 12.14 13.42 14.42 15.12 15.51 15.59 15.35
66.57 64.85 63.16 61.51 59.90 58.33 56.80 55.30 53.84 52.40 50.99 49.60 48.22 46.86 45.49 44.13 42.77 41.39 40.01 38.62 37.21 35.80 34.39 32.97 31.56 30.14 28.73 27.31 25.88 24.43 22.93 21.37 19.72 17.99 16.16 14.27 12.39 10.68 9.41 8.85 9.03 9.62 10.21 10.55 10.51 10.10 9.40 8.63 8.14 8.18 8.66 9.23 9.61 9.66 9.33 8.69 7.91 7.27 7.10 7.47 8.14 8.77 9.13 9.13 8.76 8.13 7.48 7.15 7.46 8.40 9.69 11.08 12.41 13.58 14.51 15.18 15.55 15.63 15.40
68.58 66.86 65.17 63.52 61.91 60.33 58.79 57.28 55.79 54.34 52.90 51.48 50.08 48.69 47.30 45.91 44.52 43.13 41.73 40.32 38.91 37.49 36.07 34.64 33.21 31.77 30.33 28.89 27.42 25.94 24.41 22.84 21.21 19.54 17.83 16.12 14.50 13.10 12.05 11.49 11.38 11.56 11.80 11.93 11.84 11.52 11.04 10.54 10.20 10.11 10.23 10.41 10.47 10.32 9.92 9.35 8.74 8.29 8.15 8.36 8.78 9.21 9.47 9.47 9.20 8.78 8.37 8.22 8.49 9.20 10.24 11.43 12.62 13.70 14.59 15.23 15.59 15.67 15.44
70.57 68.85 67.17 65.52 63.90 62.31 60.76 59.23 57.73 56.25 54.79 53.35 51.93 50.51 49.10 47.69 46.28 44.86 43.45 42.02 40.60 39.16 37.72 36.28 34.84 33.38 31.93 30.46 28.97 27.47 25.93 24.37 22.78 21.18 19.58 18.03 16.60 15.37 14.43 13.82 13.51 13.42 13.41 13.36 13.19 12.91 12.53 12.15 11.84 11.64 11.53 11.41 11.20 10.82 10.27 9.62 8.98 8.53 8.39 8.56 8.93 9.31 9.55 9.55 9.31 8.93 8.57 8.45 8.72 9.39 10.37 11.52 12.68 13.74 14.62 15.26 15.62 15.69 15.47
72.54 70.83 69.14 67.49 65.86 64.27 62.70 61.16 59.64 58.15 56.67 55.21 53.76 52.32 50.88 49.45 48.02 46.59 45.15 43.71 42.27 40.82 39.37 37.91 36.45 34.98 33.50 32.02 30.52 29.01 27.48 25.93 24.38 22.84 21.34 19.90 18.59 17.45 16.53 15.86 15.41 15.12 14.91 14.71 14.46 14.15 13.80 13.44 13.11 12.81 12.51 12.17 11.72 11.10 10.32 9.45 8.60 8.00 7.81 8.06 8.55 9.05 9.35 9.35 9.05 8.55 8.07 7.86 8.14 8.93 10.05 11.32 12.57 13.68 14.60 15.26 15.63 15.71 15.49
74.50 72.79 71.10 69.44 67.81 66.21 64.63 63.08 61.54 60.03 58.53 57.05 55.58 54.11 52.66 51.21 49.75 48.30 46.85 45.39 43.93 42.47 41.00 39.52 38.04 36.56 35.07 33.57 32.06 30.54 29.02 27.49 25.98 24.48 23.04 21.67 20.42 19.31 18.38 17.64 17.06 16.60 16.23 15.89 15.55 15.18 14.80 14.42 14.03 13.64 13.21 12.69 12.03 11.18 10.12 8.90 7.65 6.69 6.40 6.89 7.74 8.51 8.95 8.95 8.51 7.74 6.90 6.43 6.78 7.89 9.37 10.91 12.33 13.56 14.54 15.25 15.65 15.73 15.50
76.44 74.73 73.04 71.38 69.74 68.13 66.54 64.97 63.42 61.89 60.38 58.87 57.38 55.90 54.42 52.95 51.48 50.01 48.54 47.06 45.58 44.10 42.61 41.12 39.63 38.12 36.62 35.10 33.58 32.06 30.54 29.03 27.53 26.07 24.66 23.32 22.08 20.97 19.99 19.15 18.45 17.85 17.33 16.85 16.40 15.96 15.52 15.08 14.64 14.17 13.64 13.00 12.18 11.13 9.82 8.21 6.38 4.68 4.16 5.26 6.76 7.92 8.53 8.53 7.92 6.76 5.26 4.17 4.74 6.55 8.58 10.46 12.09 13.45 14.50 15.25 15.68 15.78 15.55
78.37 76.65 74.96 73.29 71.65 70.03 68.43 66.85 65.29 63.74 62.21 60.69 59.18 57.67 56.18 54.68 53.19 51.70 50.21 48.72 47.22 45.72 44.22 42.71 41.19 39.67 38.15 36.62 35.09 33.56 32.04 30.52 29.03 27.58 26.17 24.83 23.57 22.41 21.37 20.43 19.60 18.86 18.18 17.57 16.99 16.45 15.93 15.44 14.94 14.42 13.84 13.13 12.24 11.09 9.63 7.78 5.49 2.72 1.24 3.96 6.13 7.58 8.29 8.29 7.58 6.14 3.96 1.24 2.74 5.62 8.11 10.22 11.98 13.41 14.52 15.30 15.76 15.88 15.67
80.28 78.56 76.87 75.20 73.55 71.92 70.31 68.72 67.14 65.58 64.03 62.49 60.96 59.44 57.92 56.41 54.90 53.39 51.88 50.37 48.85 47.33 45.80 44.28 42.74 41.21 39.66 38.12 36.57 35.03 33.49 31.97 30.47 29.00 27.57 26.20 24.90 23.68 22.54 21.48 20.51 19.62 18.79 18.02 17.30 16.64 16.03 15.47 14.93 14.39 13.80 13.10 12.23 11.12 9.71 7.95 5.84 3.60 2.78 4.49 6.37 7.71 8.38 8.38 7.71 6.37 4.49 2.78 3.64 5.99 8.30 10.34 12.07 13.49 14.61 15.42 15.90 16.06 15.87
82.18 80.46 78.76 77.09 75.43 73.79 72.17 70.57 68.98 67.40 65.83 64.28 62.73 61.19 59.66 58.13 56.60 55.07 53.54 52.00 50.47 48.93 47.38 45.83 44.28 42.72 41.16 39.60 38.03 36.47 34.91 33.37 31.84 30.34 28.88 27.46 26.09 24.77 23.53 22.34 21.22 20.15 19.15 18.21 17.33 16.53 15.81 15.17 14.60 14.07 13.53 12.91 12.15 11.19 9.99 8.58 7.06 5.80 5.43 6.14 7.27 8.22 8.74 8.74 8.22 7.27 6.14 5.44 5.87 7.27 9.02 10.76 12.34 13.69 14.78 15.59 16.11 16.30 16.18
