Experimentos/Kriking/kriging_ordinario_var.asc
NCOLS          450       
NROWS          450       
XLLCENTER      -8789850.00
YLLCENTER      45000.00  
DX             522.00    
DY             555.00    
NODATA_VALUE   -999.00   
[rows 350 to 384 of 450, columns 316 to 394 of 450]
1.38 2.13 4.84 6.77 7.96 8.42 8.15 7.15 5.39 2.86 0.59 3.81 6.60 8.95 10.94 12.64 14.10 15.37 16.53 17.61 18.67 19.72 20.79 21.88 22.99 24.12 25.25 26.36 27.45 28.49 29.49 30.43 31.29 32.09 32.80 33.44 33.98 34.45 34.82 35.11 35.31 35.43 35.45 35.39 35.24 35.00 34.68 34.28 33.79 33.21 32.55 31.80 30.96 30.02 28.99 27.86 26.62 25.26 23.77 22.14 20.35 18.40 16.27 13.94 11.38 8.59 5.55 2.24 1.37 4.31 6.49 7.89 8.54 8.43 7.57 5.95 3.57 0.49 3.17
3.42 3.68 5.46 7.10 8.19 8.63 8.41 7.52 6.01 4.16 3.31 4.85 7.08 9.16 10.95 12.46 13.75 14.87 15.89 16.86 17.84 18.86 19.93 21.05 22.22 23.41 24.62 25.81 26.97 28.08 29.14 30.14 31.06 31.90 32.66 33.33 33.91 34.41 34.81 35.13 35.36 35.50 35.55 35.51 35.39 35.18 34.88 34.50 34.03 33.47 32.83 32.09 31.27 30.35 29.32 28.20 26.96 25.59 24.10 22.47 20.68 18.74 16.61 14.30 11.81 9.15 6.41 4.01 3.52 5.15 6.89 8.11 8.67 8.54 7.74 6.33 4.50 3.21 4.34
5.91 5.95 6.84 7.92 8.76 9.15 9.04 8.44 7.48 6.52 6.22 6.96 8.33 9.83 11.21 12.39 13.40 14.28 15.10 15.92 16.81 17.78 18.87 20.04 21.28 22.57 23.87 25.15 26.40 27.60 28.73 29.78 30.76 31.65 32.45 33.16 33.78 34.30 34.74 35.08 35.33 35.50 35.57 35.56 35.46 35.28 35.01 34.65 34.20 33.67 33.05 32.34 31.54 30.64 29.63 28.53 27.31 25.97 24.51 22.92 21.18 19.30 17.28 15.12 12.86 10.58 8.47 6.93 6.50 7.12 8.10 8.88 9.22 9.05 8.40 7.39 6.32 5.81 6.43
7.62 7.59 8.08 8.79 9.43 9.81 9.86 9.57 9.09 8.64 8.55 8.96 9.75 10.68 11.57 12.34 12.98 13.55 14.11 14.75 15.52 16.47 17.59 18.85 20.20 21.60 23.02 24.42 25.76 27.05 28.26 29.38 30.41 31.35 32.19 32.93 33.58 34.14 34.60 34.97 35.25 35.43 35.53 35.55 35.47 35.31 35.06 34.73 34.32 33.81 33.22 32.54 31.76 30.89 29.92 28.85 27.68 26.39 24.98 23.46 21.81 20.05 18.19 16.25 14.28 12.40 10.76 9.61 9.11 9.21 9.59 9.92 9.99 9.73 9.16 8.43 7.79 7.56 8.02
8.49 8.45 8.80 9.37 9.97 10.43 10.66 10.67 10.53 10.38 10.38 10.60 11.00 11.47 11.89 12.22 12.45 12.64 12.88 13.29 13.95 14.90 16.10 17.49 18.99 20.55 22.11 23.63 25.09 26.47 27.75 28.94 30.02 31.00 31.88 32.66 33.34 33.92 34.40 34.80 35.09 35.30 35.43 35.46 35.41 35.27 35.05 34.75 34.36 33.89 33.33 32.68 31.94 31.11 30.18 29.16 28.04 26.82 25.49 24.07 22.54 20.92 19.24 17.53 15.84 14.27 12.92 11.93 11.34 11.11 11.05 10.99 10.77 10.34 9.74 9.10 8.59 8.45 8.85
8.53 8.50 8.89 9.53 10.25 10.87 11.33 11.59 11.71 11.75 11.80 11.89 12.02 12.11 12.11 11.99 11.76 11.51 11.37 11.51 12.06 13.05 14.41 16.00 17.72 19.47 21.19 22.85 24.41 25.88 27.24 28.48 29.61 30.63 31.54 32.35 33.05 33.65 34.15 34.56 34.88 35.11 35.25 35.31 35.28 35.17 34.97 34.70 34.34 33.90 33.37 32.76 32.06 31.28 30.41 29.45 28.40 27.25 26.02 24.70 23.30 21.84 20.34 18.84 17.38 16.02 14.85 13.91 13.22 12.74 12.35 11.94 11.42 10.76 9.99 9.23 8.66 8.50 8.89
7.73 7.74 8.32 9.24 10.23 11.12 11.83 12.33 12.65 12.82 12.90 12.89 12.80 12.59 12.21 11.66 10.95 10.18 9.55 9.34 9.80 10.95 12.59 14.48 16.46 18.42 20.31 22.10 23.77 25.32 26.73 28.02 29.19 30.24 31.17 31.99 32.71 33.32 33.84 34.26 34.60 34.84 35.00 35.08 35.07 34.99 34.82 34.57 34.25 33.84 33.35 32.78 32.13 31.40 30.59 29.69 28.71 27.66 26.53 25.32 24.06 22.75 21.41 20.08 18.80 17.60 16.52 15.59 14.80 14.11 13.45 12.74 11.91 10.94 9.86 8.80 7.98 7.69 8.12
6.09 6.18 7.20 8.60 10.01 11.23 12.20 12.92 13.40 13.67 13.77 13.69 13.43 12.97 12.27 11.33 10.13 8.77 7.48 6.76 7.18 8.70 10.80 13.07 15.34 17.51 19.55 21.45 23.20 24.81 26.26 27.59 28.77 29.84 30.78 31.61 32.33 32.95 33.48 33.91 34.25 34.51 34.69 34.78 34.80 34.73 34.59 34.37 34.08 33.70 33.26 32.73 32.13 31.45 30.70 29.88 28.98 28.02 26.99 25.90 24.76 23.59 22.40 21.22 20.07 18.97 17.95 17.01 16.13 15.28 14.39 13.41 12.28 10.96 9.48 7.94 6.61 6.01 6.59
3.65 3.93 5.85 7.96 9.82 11.35 12.56 13.45 14.05 14.39 14.49 14.36 13.98 13.34 12.40 11.14 9.53 7.59 5.45 3.77 4.30 6.64 9.36 12.01 14.52 16.84 18.99 20.95 22.75 24.37 25.85 27.18 28.37 29.43 30.36 31.19 31.91 32.53 33.05 33.49 33.84 34.11 34.29 34.40 34.44 34.40 34.28 34.09 33.83 33.49 33.08 32.60 32.05 31.43 30.74 29.99 29.18 28.30 27.37 26.40 25.38 24.34 23.28 22.22 21.18 20.16 19.18 18.22 17.27 16.29 15.23 14.03 12.64 11.01 9.12 6.99 4.80 3.46 4.51
1.35 2.17 5.24 7.82 9.95 11.67 13.01 14.01 14.68 15.06 15.16 14.99 14.54 13.79 12.71 11.27 9.44 7.18 4.46 1.23 2.34 5.67 8.74 11.56 14.14 16.51 18.66 20.63 22.42 24.03 25.49 26.80 27.97 29.01 29.93 30.74 31.45 32.05 32.57 33.00 33.35 33.63 33.82 33.95 34.00 33.98 33.89 33.73 33.49 33.19 32.82 32.39 31.89 31.32 30.70 30.02 29.28 28.50 27.67 26.80 25.89 24.97 24.02 23.07 22.12 21.17 20.23 19.27 18.28 17.21 16.04 14.70 13.14 11.31 9.17 6.66 3.75 0.38 3.17
3.91 4.23 6.31 8.58 10.61 12.30 13.65 14.66 15.35 15.73 15.83 15.64 15.15 14.36 13.25 11.81 10.02 7.91 5.62 3.83 4.29 6.57 9.22 11.82 14.26 16.52 18.60 20.50 22.23 23.79 25.20 26.46 27.59 28.59 29.48 30.25 30.93 31.52 32.02 32.45 32.79 33.07 33.27 33.41 33.47 33.47 33.41 33.27 33.07 32.80 32.47 32.08 31.62 31.12 30.55 29.94 29.28 28.58 27.85 27.08 26.28 25.46 24.62 23.77 22.91 22.03 21.12 20.18 19.18 18.09 16.86 15.47 13.87 12.03 9.92 7.58 5.20 3.75 4.88
7.12 7.26 8.45 10.11 11.77 13.26 14.49 15.43 16.08 16.45 16.53 16.33 15.84 15.08 14.03 12.71 11.15 9.46 7.89 6.94 7.19 8.57 10.53 12.68 14.82 16.86 18.77 20.54 22.16 23.63 24.95 26.15 27.21 28.16 28.99 29.73 30.37 30.93 31.41 31.81 32.15 32.42 32.63 32.78 32.86 32.88 32.83 32.72 32.55 32.32 32.02 31.67 31.26 30.80 30.30 29.75 29.17 28.55 27.90 27.23 26.53 25.81 25.07 24.32 23.54 22.73 21.89 20.99 20.02 18.94 17.74 16.39 14.86 13.16 11.31 9.45 7.87 7.16 7.81
10.05 10.12 10.85 11.99 13.26 14.47 15.51 16.32 16.89 17.21 17.26 17.06 16.60 15.90 14.96 13.83 12.57 11.30 10.24 9.68 9.86 10.76 12.18 13.87 15.65 17.42 19.11 20.70 22.18 23.52 24.74 25.84 26.82 27.69 28.47 29.14 29.74 30.26 30.71 31.09 31.42 31.69 31.90 32.06 32.15 32.19 32.17 32.08 31.94 31.73 31.47 31.15 30.79 30.37 29.92 29.43 28.92 28.37 27.81 27.23 26.63 26.01 25.37 24.71 24.03 23.30 22.53 21.70 20.79 19.79 18.66 17.42 16.05 14.58 13.08 11.68 10.64 10.26 10.75
12.68 12.70 13.17 13.95 14.88 15.80 16.63 17.29 17.76 18.00 18.03 17.82 17.40 16.77 15.97 15.03 14.04 13.10 12.37 12.01 12.15 12.79 13.84 15.14 16.59 18.07 19.54 20.93 22.24 23.44 24.54 25.53 26.41 27.19 27.89 28.50 29.04 29.51 29.92 30.28 30.60 30.86 31.07 31.24 31.35 31.41 31.40 31.34 31.22 31.04 30.81 30.53 30.19 29.82 29.41 28.98 28.53 28.05 27.57 27.07 26.57 26.05 25.51 24.96 24.37 23.74 23.07 22.33 21.51 20.61 19.61 18.51 17.34 16.13 14.96 13.94 13.25 13.07 13.48
15.00 15.00 15.30 15.83 16.48 17.16 17.79 18.29 18.64 18.81 18.79 18.58 18.18 17.63 16.95 16.18 15.40 14.69 14.17 13.93 14.04 14.52 15.31 16.33 17.50 18.73 19.96 21.16 22.30 23.35 24.31 25.18 25.95 26.64 27.24 27.78 28.25 28.67 29.04 29.37 29.67 29.93 30.14 30.32 30.45 30.52 30.54 30.51 30.41 30.25 30.04 29.78 29.48 29.14 28.77 28.38 27.98 27.58 27.17 26.76 26.35 25.93 25.50 25.05 24.57 24.05 23.48 22.85 22.15 21.38 20.53 19.61 18.65 17.69 16.80 16.07 15.63 15.57 15.96
17.04 17.01 17.20 17.54 17.99 18.47 18.91 19.26 19.50 19.58 19.51 19.28 18.91 18.42 17.83 17.19 16.56 16.01 15.61 15.44 15.54 15.90 16.52 17.33 18.27 19.29 20.33 21.34 22.32 23.22 24.04 24.78 25.44 26.01 26.52 26.97 27.36 27.72 28.05 28.35 28.63 28.88 29.10 29.29 29.44 29.54 29.59 29.57 29.50 29.36 29.17 28.93 28.64 28.32 27.98 27.63 27.28 26.93 26.59 26.27 25.95 25.64 25.32 24.98 24.62 24.22 23.78 23.28 22.71 22.08 21.39 20.65 19.89 19.16 18.50 18.01 17.74 17.78 18.16
18.81 18.76 18.86 19.07 19.36 19.67 19.95 20.17 20.29 20.29 20.16 19.91 19.54 19.08 18.54 17.99 17.46 17.01 16.69 16.56 16.63 16.93 17.42 18.08 18.85 19.70 20.57 21.43 22.25 23.01 23.70 24.31 24.84 25.30 25.70 26.05 26.36 26.66 26.93 27.20 27.47 27.72 27.95 28.17 28.34 28.47 28.54 28.55 28.49 28.37 28.19 27.96 27.68 27.37 27.05 26.72 26.41 26.11 25.84 25.60 25.38 25.17 24.97 24.75 24.52 24.26 23.95 23.58 23.16 22.68 22.16 21.59 21.03 20.49 20.03 19.71 19.58 19.70 20.09
20.32 20.24 20.27 20.38 20.54 20.72 20.87 20.97 20.98 20.90 20.71 20.42 20.03 19.57 19.07 18.55 18.07 17.67 17.39 17.27 17.33 17.58 17.99 18.54 19.20 19.92 20.66 21.39 22.08 22.71 23.27 23.75 24.15 24.49 24.77 25.02 25.24 25.46 25.68 25.92 26.17 26.43 26.69 26.93 27.14 27.30 27.41 27.44 27.40 27.29 27.11 26.88 26.59 26.28 25.96 25.65 25.36 25.11 24.90 24.74 24.61 24.52 24.44 24.37 24.28 24.15 23.99 23.77 23.50 23.17 22.80 22.41 22.01 21.65 21.35 21.17 21.16 21.34 21.74
21.57 21.48 21.45 21.48 21.54 21.61 21.65 21.64 21.56 21.39 21.13 20.79 20.36 19.88 19.36 18.85 18.38 17.99 17.72 17.60 17.64 17.86 18.22 18.71 19.29 19.93 20.57 21.20 21.78 22.30 22.73 23.09 23.36 23.57 23.73 23.86 23.98 24.12 24.29 24.50 24.74 25.02 25.31 25.59 25.85 26.06 26.20 26.26 26.24 26.14 25.95 25.70 25.39 25.06 24.72 24.40 24.12 23.91 23.76 23.68 23.66 23.69 23.75 23.82 23.88 23.91 23.89 23.82 23.70 23.53 23.31 23.07 22.82 22.61 22.45 22.39 22.46 22.69 23.11
22.58 22.46 22.39 22.36 22.34 22.31 22.26 22.16 21.99 21.74 21.41 21.00 20.52 19.98 19.42 18.87 18.37 17.95 17.67 17.53 17.56 17.76 18.11 18.58 19.13 19.72 20.31 20.87 21.37 21.78 22.11 22.34 22.48 22.55 22.57 22.57 22.58 22.62 22.73 22.91 23.16 23.47 23.81 24.15 24.47 24.74 24.93 25.03 25.02 24.91 24.71 24.43 24.08 23.70 23.32 22.98 22.70 22.50 22.41 22.41 22.51 22.68 22.89 23.12 23.33 23.52 23.67 23.75 23.78 23.75 23.67 23.57 23.46 23.36 23.32 23.35 23.50 23.78 24.21
23.34 23.21 23.11 23.02 22.94 22.84 22.71 22.53 22.28 21.95 21.54 21.05 20.49 19.88 19.24 18.62 18.04 17.57 17.23 17.07 17.09 17.30 17.66 18.15 18.71 19.30 19.88 20.40 20.83 21.17 21.39 21.50 21.50 21.42 21.29 21.14 21.01 20.96 21.00 21.15 21.42 21.78 22.20 22.63 23.03 23.38 23.62 23.76 23.77 23.65 23.42 23.08 22.67 22.23 21.78 21.38 21.07 20.88 20.84 20.94 21.16 21.48 21.86 22.26 22.66 23.02 23.32 23.56 23.73 23.83 23.89 23.90 23.90 23.91 23.96 24.07 24.28 24.60 25.05
23.88 23.72 23.59 23.46 23.33 23.18 22.98 22.74 22.42 22.01 21.53 20.95 20.30 19.58 18.83 18.10 17.41 16.84 16.42 16.22 16.23 16.47 16.89 17.44 18.06 18.70 19.29 19.80 20.20 20.47 20.60 20.59 20.45 20.20 19.90 19.57 19.29 19.11 19.08 19.22 19.52 19.96 20.49 21.03 21.55 21.99 22.31 22.49 22.51 22.38 22.11 21.70 21.20 20.65 20.09 19.60 19.24 19.04 19.04 19.24 19.61 20.11 20.69 21.28 21.87 22.40 22.86 23.25 23.56 23.79 23.95 24.07 24.17 24.26 24.38 24.55 24.80 25.15 25.62
24.18 24.01 23.85 23.70 23.53 23.33 23.09 22.79 22.41 21.94 21.37 20.70 19.94 19.11 18.22 17.33 16.49 15.76 15.24 14.97 14.99 15.28 15.81 16.48 17.21 17.93 18.59 19.12 19.51 19.73 19.77 19.64 19.35 18.92 18.42 17.89 17.41 17.07 16.95 17.08 17.45 18.01 18.69 19.40 20.06 20.61 21.01 21.25 21.29 21.14 20.80 20.31 19.69 18.99 18.29 17.66 17.19 16.96 17.01 17.33 17.88 18.59 19.39 20.20 20.99 21.70 22.33 22.86 23.28 23.62 23.88 24.08 24.25 24.40 24.57 24.79 25.07 25.45 25.93
24.25 24.07 23.89 23.72 23.53 23.31 23.04 22.70 22.27 21.74 21.10 20.35 19.47 18.50 17.45 16.36 15.31 14.37 13.67 13.31 13.35 13.75 14.45 15.30 16.21 17.06 17.81 18.39 18.78 18.97 18.93 18.69 18.24 17.62 16.89 16.10 15.38 14.84 14.60 14.73 15.21 15.96 16.85 17.76 18.59 19.28 19.79 20.07 20.13 19.95 19.55 18.95 18.18 17.30 16.39 15.56 14.93 14.63 14.72 15.20 15.98 16.96 18.01 19.07 20.06 20.96 21.74 22.39 22.93 23.35 23.68 23.94 24.16 24.35 24.56 24.80 25.10 25.49 25.98
24.09 23.90 23.72 23.54 23.34 23.12 22.83 22.47 22.01 21.44 20.74 19.90 18.93 17.81 16.58 15.26 13.94 12.72 11.76 11.25 11.31 11.90 12.86 13.99 15.12 16.15 17.01 17.66 18.07 18.23 18.13 17.78 17.17 16.36 15.36 14.28 13.24 12.41 12.00 12.15 12.82 13.84 15.02 16.18 17.21 18.06 18.67 19.01 19.09 18.88 18.41 17.69 16.75 15.65 14.47 13.34 12.47 12.04 12.18 12.88 13.98 15.28 16.63 17.94 19.15 20.22 21.13 21.89 22.51 23.00 23.37 23.67 23.90 24.11 24.33 24.57 24.88 25.28 25.78
23.70 23.51 23.33 23.16 22.97 22.75 22.48 22.12 21.65 21.06 20.32 19.42 18.35 17.10 15.69 14.14 12.50 10.89 9.54 8.78 8.90 9.80 11.16 12.64 14.04 15.27 16.26 16.98 17.42 17.56 17.41 16.96 16.22 15.20 13.95 12.52 11.06 9.82 9.15 9.34 10.33 11.76 13.30 14.74 16.00 16.99 17.70 18.11 18.20 17.97 17.44 16.60 15.48 14.13 12.62 11.11 9.83 9.17 9.40 10.44 11.96 13.66 15.35 16.91 18.31 19.53 20.55 21.39 22.06 22.58 22.97 23.27 23.50 23.69 23.89 24.13 24.43 24.82 25.32
23.08 22.89 22.72 22.57 22.42 22.23 21.99 21.65 21.20 20.61 19.86 18.93 17.80 16.46 14.90 13.13 11.17 9.10 7.15 5.90 6.13 7.63 9.55 11.44 13.11 14.52 15.62 16.40 16.86 17.00 16.80 16.28 15.43 14.25 12.76 11.00 9.06 7.19 6.02 6.34 7.91 9.90 11.84 13.57 15.01 16.14 16.94 17.39 17.50 17.26 16.68 15.75 14.49 12.90 11.06 9.05 7.16 6.02 6.40 8.05 10.16 12.30 14.30 16.08 17.63 18.95 20.04 20.91 21.60 22.11 22.49 22.75 22.95 23.10 23.26 23.46 23.73 24.10 24.61
22.23 22.03 21.89 21.78 21.68 21.55 21.37 21.09 20.68 20.13 19.39 18.46 17.31 15.93 14.30 12.40 10.22 7.77 5.08 2.71 3.29 5.86 8.38 10.59 12.46 13.97 15.13 15.95 16.43 16.55 16.34 15.77 14.85 13.58 11.94 9.95 7.61 4.99 2.68 3.41 6.03 8.60 10.86 12.77 14.33 15.54 16.39 16.89 17.02 16.79 16.19 15.21 13.86 12.14 10.04 7.60 4.92 2.63 3.50 6.22 8.95 11.43 13.63 15.54 17.16 18.52 19.62 20.49 21.15 21.62 21.94 22.14 22.26 22.34 22.43 22.57 22.79 23.14 23.64
21.13 20.94 20.84 20.79 20.77 20.73 20.63 20.43 20.10 19.61 18.93 18.03 16.91 15.55 13.94 12.05 9.88 7.40 4.62 1.78 2.59 5.46 8.05 10.28 12.15 13.66 14.83 15.65 16.12 16.24 16.01 15.43 14.50 13.22 11.58 9.58 7.21 4.49 1.70 2.69 5.58 8.20 10.47 12.39 13.97 15.20 16.07 16.60 16.76 16.56 15.98 15.03 13.69 11.97 9.86 7.36 4.51 1.66 2.87 5.91 8.74 11.26 13.46 15.36 16.96 18.28 19.34 20.15 20.73 21.12 21.35 21.44 21.46 21.43 21.41 21.46 21.62 21.92 22.41
19.78 19.61 19.56 19.60 19.69 19.76 19.78 19.70 19.47 19.07 18.46 17.65 16.60 15.32 13.80 12.05 10.10 8.00 5.96 4.58 4.86 6.51 8.53 10.45 12.15 13.57 14.68 15.47 15.92 16.04 15.81 15.25 14.35 13.13 11.61 9.82 7.83 5.86 4.55 4.91 6.60 8.65 10.62 12.39 13.88 15.08 15.96 16.51 16.71 16.57 16.06 15.19 13.97 12.40 10.53 8.42 6.34 4.99 5.45 7.34 9.61 11.81 13.81 15.56 17.04 18.24 19.19 19.89 20.36 20.63 20.72 20.68 20.54 20.37 20.21 20.13 20.19 20.45 20.92
18.16 18.02 18.05 18.21 18.44 18.67 18.84 18.89 18.79 18.50 18.00 17.28 16.33 15.16 13.79 12.24 10.59 8.96 7.57 6.78 6.92 7.90 9.33 10.88 12.34 13.62 14.65 15.39 15.82 15.93 15.71 15.17 14.33 13.21 11.86 10.35 8.81 7.49 6.76 6.95 7.98 9.45 11.06 12.60 13.98 15.13 16.01 16.59 16.85 16.78 16.39 15.66 14.63 13.33 11.82 10.25 8.88 8.14 8.40 9.56 11.18 12.92 14.59 16.08 17.35 18.39 19.18 19.72 20.04 20.15 20.08 19.86 19.53 19.17 18.83 18.59 18.52 18.70 19.17
16.28 16.16 16.30 16.62 17.04 17.47 17.82 18.04 18.09 17.93 17.54 16.93 16.08 15.03 13.79 12.43 11.02 9.72 8.69 8.15 8.24 8.92 10.00 11.27 12.55 13.70 14.66 15.36 15.77 15.87 15.66 15.15 14.36 13.33 12.12 10.83 9.60 8.63 8.14 8.27 8.99 10.13 11.48 12.86 14.16 15.28 16.17 16.79 17.13 17.17 16.91 16.37 15.57 14.56 13.43 12.32 11.42 10.98 11.16 11.91 13.04 14.34 15.65 16.84 17.87 18.69 19.28 19.64 19.78 19.70 19.44 19.00 18.46 17.86 17.28 16.83 16.60 16.68 17.14
14.11 14.03 14.32 14.86 15.53 16.19 16.76 17.17 17.37 17.34 17.07 16.56 15.81 14.85 13.71 12.46 11.18 10.02 9.12 8.67 8.74 9.32 10.28 11.44 12.64 13.74 14.66 15.34 15.74 15.84 15.64 15.14 14.37 13.38 12.23 11.03 9.92 9.08 8.66 8.77 9.41 10.43 11.69 13.03 14.31 15.45 16.39 17.09 17.52 17.69 17.58 17.23 16.67 15.94 15.14 14.38 13.80 13.52 13.65 14.15 14.94 15.88 16.85 17.75 18.51 19.10 19.48 19.65 19.59 19.31 18.82 18.16 17.36 16.48 15.61 14.88 14.42 14.39 14.85
11.64 11.61 12.12 12.97 13.95 14.90 15.70 16.30 16.66 16.76 16.59 16.17 15.50 14.60 13.51 12.27 10.98 9.78 8.83 8.33 8.42 9.06 10.09 11.32 12.56 13.69 14.62 15.31 15.71 15.82 15.62 15.12 14.34 13.33 12.15 10.89 9.71 8.79 8.32 8.45 9.15 10.28 11.63 13.05 14.41 15.63 16.65 17.45 17.99 18.29 18.35 18.18 17.84 17.36 16.83 16.33 15.95 15.79 15.88 16.22 16.76 17.41 18.09 18.72 19.23 19.59 19.76 19.72 19.46 18.97 18.27 17.36 16.28 15.08 13.86 12.77 12.00 11.80 12.29
8.87 8.91 9.76 11.05 12.42 13.68 14.71 15.49 15.98 16.18 16.11 15.76 15.15 14.28 13.19 11.90 10.48 9.05 7.83 7.14 7.27 8.16 9.48 10.94 12.33 13.56 14.55 15.28 15.70 15.81 15.61 15.09 14.28 13.20 11.89 10.45 9.01 7.79 7.13 7.31 8.27 9.71 11.33 12.95 14.47 15.82 16.95 17.86 18.52 18.95 19.16 19.17 19.02 18.75 18.43 18.12 17.89 17.80 17.86 18.09 18.44 18.87 19.31 19.70 19.98 20.13 20.09 19.86 19.40 18.72 17.80 16.66 15.31 13.78 12.15 10.59 9.37 8.90 9.48
