Experimentos/Kriking/kriging_ordinario.asc
NCOLS          450       
NROWS          450       
XLLCENTER      -8789850.00
YLLCENTER      45000.00  
DX             522.00    
DY             555.00    
NODATA_VALUE   -999.00   
[rows 128 to 159 of 450, columns 142 to 212 of 450]
196.39 196.46 196.52 196.58 196.64 196.70 196.75 196.80 196.85 196.89 196.93 196.97 197.01 197.04 197.07 197.11 197.14 197.18 197.23 197.27 197.33 197.39 197.47 197.54 197.63 197.72 197.81 197.90 197.99 198.07 198.15 198.21 198.27 198.31 198.34 198.37 198.39 198.41 198.43 198.45 198.47 198.50 198.53 198.57 198.60 198.63 198.66 198.68 198.71 198.73 198.74 198.76 198.77 198.77 198.78 198.78 198.77 198.76 198.75 198.72 198.69 198.66 198.61 198.57 198.52 198.46 198.41 198.35 198.29 198.23 198.17
196.43 196.49 196.55 196.61 196.66 196.71 196.76 196.81 196.85 196.89 196.92 196.96 196.99 197.02 197.05 197.08 197.11 197.15 197.19 197.23 197.29 197.35 197.42 197.50 197.59 197.68 197.78 197.87 197.96 198.05 198.12 198.19 198.24 198.29 198.33 198.36 198.38 198.40 198.42 198.45 198.47 198.49 198.52 198.55 198.58 198.61 198.64 198.66 198.68 198.70 198.72 198.73 198.74 198.74 198.74 198.74 198.73 198.72 198.70 198.68 198.65 198.61 198.57 198.52 198.47 198.42 198.36 198.30 198.24 198.18 198.11
196.48 196.53 196.58 196.63 196.68 196.73 196.77 196.81 196.85 196.89 196.92 196.95 196.98 197.00 197.03 197.05 197.08 197.11 197.15 197.19 197.24 197.30 197.37 197.46 197.55 197.64 197.74 197.84 197.94 198.02 198.10 198.17 198.23 198.27 198.31 198.34 198.37 198.39 198.42 198.44 198.46 198.49 198.51 198.54 198.57 198.59 198.62 198.64 198.66 198.68 198.69 198.70 198.71 198.71 198.71 198.70 198.69 198.68 198.66 198.63 198.60 198.56 198.52 198.47 198.42 198.37 198.31 198.25 198.18 198.11 198.04
196.52 196.56 196.61 196.66 196.70 196.75 196.79 196.82 196.86 196.89 196.92 196.94 196.97 196.99 197.01 197.03 197.05 197.08 197.10 197.14 197.18 197.24 197.32 197.41 197.50 197.61 197.71 197.81 197.91 198.01 198.09 198.16 198.22 198.26 198.30 198.33 198.36 198.39 198.41 198.43 198.46 198.48 198.50 198.53 198.55 198.58 198.60 198.62 198.63 198.65 198.66 198.67 198.67 198.67 198.67 198.67 198.65 198.64 198.62 198.59 198.56 198.52 198.47 198.42 198.37 198.31 198.25 198.19 198.12 198.05 197.97
196.56 196.60 196.64 196.69 196.73 196.76 196.80 196.83 196.86 196.89 196.92 196.94 196.96 196.98 196.99 197.01 197.03 197.04 197.06 197.09 197.13 197.18 197.26 197.36 197.46 197.57 197.68 197.79 197.90 197.99 198.08 198.15 198.21 198.25 198.29 198.32 198.35 198.37 198.40 198.42 198.45 198.47 198.49 198.51 198.54 198.56 198.58 198.59 198.61 198.62 198.63 198.64 198.64 198.64 198.64 198.63 198.61 198.60 198.57 198.54 198.51 198.47 198.42 198.37 198.31 198.25 198.19 198.13 198.05 197.98 197.90
196.60 196.64 196.68 196.71 196.75 196.78 196.82 196.85 196.87 196.90 196.92 196.94 196.96 196.97 196.99 197.00 197.01 197.02 197.03 197.04 197.07 197.12 197.20 197.31 197.42 197.54 197.66 197.77 197.88 197.99 198.08 198.15 198.20 198.24 198.28 198.31 198.34 198.36 198.39 198.41 198.43 198.46 198.48 198.50 198.52 198.54 198.55 198.57 198.58 198.59 198.60 198.60 198.60 198.60 198.60 198.59 198.57 198.55 198.53 198.49 198.46 198.41 198.37 198.31 198.26 198.19 198.13 198.06 197.99 197.91 197.82
196.64 196.67 196.71 196.74 196.77 196.81 196.83 196.86 196.88 196.91 196.93 196.94 196.96 196.97 196.98 196.99 197.00 197.01 197.01 197.01 197.02 197.05 197.15 197.27 197.39 197.51 197.63 197.75 197.86 197.98 198.08 198.15 198.19 198.23 198.26 198.29 198.32 198.35 198.37 198.40 198.42 198.44 198.46 198.48 198.50 198.52 198.53 198.54 198.55 198.56 198.57 198.57 198.57 198.57 198.56 198.55 198.53 198.51 198.48 198.45 198.41 198.36 198.31 198.26 198.20 198.13 198.06 197.99 197.92 197.84 197.75
196.68 196.71 196.74 196.77 196.80 196.83 196.85 196.88 196.90 196.92 196.94 196.95 196.97 196.98 196.99 197.00 197.00 197.01 197.01 197.01 197.02 197.05 197.15 197.26 197.38 197.50 197.62 197.73 197.84 197.95 198.06 198.13 198.17 198.21 198.24 198.27 198.30 198.33 198.36 198.38 198.41 198.43 198.45 198.46 198.48 198.49 198.50 198.51 198.52 198.53 198.53 198.53 198.53 198.53 198.52 198.50 198.49 198.46 198.43 198.40 198.36 198.31 198.26 198.20 198.13 198.07 198.00 197.93 197.85 197.77 197.68
196.72 196.74 196.77 196.80 196.82 196.85 196.87 196.89 196.91 196.93 196.95 196.97 196.98 196.99 197.00 197.01 197.01 197.02 197.03 197.04 197.06 197.10 197.18 197.27 197.38 197.49 197.60 197.71 197.82 197.92 198.01 198.08 198.13 198.18 198.22 198.25 198.28 198.31 198.34 198.37 198.39 198.41 198.43 198.44 198.45 198.46 198.47 198.48 198.49 198.49 198.49 198.49 198.49 198.49 198.48 198.46 198.44 198.42 198.39 198.35 198.30 198.25 198.20 198.14 198.07 198.01 197.93 197.86 197.78 197.69 197.60
196.75 196.78 196.80 196.82 196.85 196.87 196.89 196.91 196.93 196.95 196.97 196.99 197.00 197.01 197.02 197.03 197.03 197.04 197.05 197.07 197.10 197.15 197.21 197.30 197.39 197.49 197.59 197.69 197.79 197.88 197.97 198.04 198.09 198.14 198.19 198.22 198.26 198.29 198.32 198.35 198.37 198.39 198.40 198.42 198.43 198.44 198.44 198.45 198.45 198.45 198.46 198.45 198.45 198.44 198.43 198.42 198.40 198.37 198.34 198.30 198.26 198.20 198.15 198.08 198.02 197.95 197.87 197.79 197.71 197.62 197.53
196.79 196.81 196.83 196.85 196.87 196.89 196.91 196.93 196.96 196.98 196.99 197.01 197.02 197.04 197.05 197.05 197.06 197.07 197.09 197.11 197.14 197.19 197.25 197.32 197.41 197.49 197.59 197.68 197.77 197.85 197.93 198.00 198.06 198.11 198.15 198.20 198.23 198.27 198.30 198.32 198.35 198.36 198.38 198.39 198.40 198.40 198.41 198.41 198.41 198.41 198.41 198.41 198.40 198.40 198.39 198.37 198.35 198.33 198.29 198.26 198.21 198.16 198.10 198.03 197.96 197.89 197.81 197.73 197.64 197.55 197.46
196.82 196.84 196.86 196.87 196.89 196.91 196.93 196.96 196.98 197.00 197.02 197.04 197.05 197.06 197.07 197.08 197.09 197.10 197.12 197.15 197.18 197.22 197.28 197.35 197.42 197.50 197.58 197.66 197.75 197.82 197.90 197.96 198.02 198.07 198.12 198.17 198.21 198.24 198.27 198.30 198.32 198.34 198.35 198.36 198.36 198.37 198.37 198.37 198.37 198.37 198.36 198.36 198.35 198.35 198.34 198.32 198.31 198.28 198.25 198.22 198.17 198.11 198.05 197.98 197.91 197.83 197.75 197.67 197.58 197.49 197.40
196.85 196.87 196.88 196.90 196.91 196.93 196.96 196.98 197.00 197.03 197.05 197.07 197.09 197.10 197.11 197.11 197.12 197.14 197.16 197.18 197.21 197.26 197.31 197.37 197.43 197.50 197.58 197.65 197.73 197.80 197.87 197.93 197.99 198.04 198.09 198.13 198.18 198.21 198.25 198.27 198.30 198.31 198.32 198.32 198.32 198.32 198.32 198.32 198.32 198.32 198.31 198.31 198.30 198.30 198.29 198.28 198.26 198.25 198.22 198.18 198.13 198.07 198.01 197.93 197.86 197.78 197.69 197.61 197.52 197.43 197.34
196.88 196.89 196.90 196.92 196.93 196.95 196.98 197.00 197.03 197.05 197.08 197.10 197.12 197.13 197.14 197.14 197.15 197.17 197.19 197.21 197.24 197.28 197.33 197.38 197.44 197.51 197.58 197.64 197.71 197.78 197.84 197.90 197.95 198.01 198.06 198.10 198.14 198.18 198.22 198.25 198.27 198.28 198.28 198.28 198.28 198.28 198.27 198.27 198.27 198.26 198.26 198.25 198.25 198.24 198.24 198.23 198.22 198.21 198.18 198.15 198.10 198.03 197.96 197.89 197.81 197.72 197.64 197.55 197.46 197.37 197.28
196.91 196.91 196.92 196.93 196.95 196.97 196.99 197.02 197.05 197.08 197.11 197.14 197.16 197.16 197.17 197.17 197.18 197.19 197.21 197.24 197.27 197.31 197.35 197.40 197.45 197.51 197.57 197.63 197.70 197.76 197.81 197.87 197.92 197.97 198.02 198.06 198.11 198.15 198.18 198.22 198.24 198.25 198.24 198.24 198.23 198.23 198.22 198.21 198.21 198.20 198.20 198.20 198.19 198.19 198.19 198.18 198.18 198.17 198.15 198.12 198.06 197.99 197.92 197.84 197.75 197.67 197.59 197.50 197.41 197.32 197.23
196.93 196.93 196.94 196.95 196.96 196.98 197.01 197.03 197.06 197.10 197.13 197.17 197.19 197.19 197.19 197.19 197.20 197.22 197.23 197.26 197.29 197.33 197.37 197.41 197.46 197.51 197.57 197.63 197.68 197.74 197.79 197.84 197.89 197.94 197.98 198.02 198.06 198.10 198.14 198.18 198.21 198.20 198.19 198.18 198.18 198.17 198.16 198.15 198.15 198.14 198.14 198.14 198.13 198.13 198.13 198.13 198.13 198.12 198.12 198.10 198.03 197.95 197.87 197.78 197.70 197.62 197.53 197.44 197.36 197.27 197.17
196.95 196.95 196.95 196.96 196.98 196.99 197.01 197.04 197.07 197.10 197.14 197.18 197.19 197.20 197.20 197.21 197.22 197.23 197.25 197.28 197.31 197.34 197.38 197.42 197.47 197.52 197.57 197.62 197.67 197.72 197.76 197.81 197.86 197.90 197.94 197.98 198.02 198.05 198.09 198.12 198.14 198.14 198.13 198.12 198.11 198.10 198.10 198.09 198.09 198.08 198.08 198.08 198.07 198.07 198.07 198.07 198.06 198.06 198.05 198.03 197.96 197.89 197.81 197.73 197.64 197.56 197.48 197.39 197.30 197.21 197.12
196.96 196.96 196.97 196.97 196.98 197.00 197.02 197.04 197.07 197.10 197.13 197.16 197.18 197.19 197.20 197.21 197.23 197.24 197.27 197.29 197.32 197.35 197.39 197.43 197.47 197.52 197.56 197.61 197.65 197.70 197.74 197.78 197.82 197.86 197.89 197.93 197.96 197.99 198.02 198.05 198.06 198.06 198.06 198.05 198.04 198.04 198.03 198.03 198.02 198.02 198.01 198.01 198.01 198.01 198.00 198.00 197.99 197.99 197.97 197.94 197.88 197.82 197.74 197.66 197.58 197.50 197.42 197.33 197.25 197.16 197.07
196.98 196.97 196.97 196.98 196.99 197.00 197.02 197.04 197.06 197.09 197.12 197.14 197.16 197.18 197.20 197.21 197.23 197.25 197.28 197.30 197.33 197.37 197.40 197.44 197.48 197.52 197.56 197.60 197.64 197.68 197.71 197.75 197.78 197.82 197.85 197.87 197.90 197.93 197.95 197.97 197.98 197.98 197.98 197.98 197.97 197.97 197.96 197.96 197.95 197.95 197.95 197.95 197.94 197.94 197.93 197.93 197.92 197.90 197.88 197.85 197.80 197.74 197.67 197.60 197.52 197.44 197.36 197.28 197.19 197.10 197.02
196.99 196.98 196.98 196.98 196.99 197.00 197.01 197.03 197.05 197.08 197.10 197.13 197.15 197.17 197.19 197.21 197.23 197.26 197.28 197.31 197.34 197.38 197.41 197.45 197.48 197.52 197.55 197.59 197.62 197.66 197.69 197.72 197.75 197.77 197.80 197.82 197.84 197.86 197.88 197.89 197.90 197.91 197.91 197.91 197.90 197.90 197.89 197.89 197.89 197.88 197.88 197.88 197.87 197.87 197.86 197.86 197.84 197.82 197.80 197.76 197.72 197.66 197.60 197.53 197.45 197.38 197.30 197.22 197.13 197.05 196.96
197.00 196.99 196.99 196.98 196.99 197.00 197.01 197.02 197.04 197.06 197.08 197.11 197.13 197.16 197.18 197.20 197.23 197.26 197.29 197.32 197.35 197.38 197.42 197.45 197.49 197.52 197.55 197.58 197.61 197.64 197.66 197.69 197.71 197.73 197.75 197.76 197.78 197.80 197.81 197.82 197.83 197.83 197.83 197.83 197.83 197.83 197.82 197.82 197.82 197.82 197.81 197.81 197.81 197.80 197.79 197.78 197.77 197.74 197.72 197.68 197.64 197.58 197.52 197.46 197.39 197.31 197.24 197.16 197.08 197.00 196.91
197.01 196.99 196.99 196.98 196.99 196.99 197.00 197.01 197.03 197.05 197.07 197.09 197.12 197.14 197.17 197.20 197.23 197.26 197.29 197.33 197.36 197.39 197.43 197.46 197.49 197.52 197.55 197.57 197.60 197.62 197.64 197.65 197.67 197.68 197.70 197.71 197.72 197.73 197.74 197.75 197.75 197.76 197.76 197.76 197.76 197.76 197.76 197.75 197.75 197.75 197.75 197.74 197.74 197.73 197.72 197.71 197.69 197.67 197.64 197.60 197.56 197.51 197.45 197.39 197.32 197.25 197.18 197.10 197.02 196.94 196.86
197.01 197.00 196.99 196.98 196.98 196.98 196.99 197.00 197.01 197.03 197.05 197.07 197.10 197.13 197.16 197.19 197.23 197.26 197.30 197.33 197.37 197.40 197.44 197.47 197.50 197.52 197.55 197.57 197.58 197.60 197.61 197.63 197.64 197.65 197.65 197.66 197.67 197.67 197.68 197.68 197.68 197.69 197.69 197.69 197.69 197.69 197.69 197.69 197.69 197.68 197.68 197.68 197.67 197.66 197.65 197.64 197.62 197.59 197.56 197.53 197.48 197.43 197.38 197.32 197.26 197.19 197.12 197.04 196.97 196.89 196.81
197.02 197.00 196.99 196.98 196.97 196.97 196.98 196.98 197.00 197.01 197.03 197.06 197.08 197.12 197.15 197.19 197.22 197.26 197.30 197.34 197.38 197.42 197.45 197.48 197.50 197.53 197.55 197.56 197.57 197.58 197.59 197.60 197.61 197.61 197.61 197.62 197.62 197.62 197.62 197.62 197.62 197.62 197.62 197.62 197.62 197.62 197.62 197.62 197.62 197.62 197.62 197.61 197.60 197.59 197.58 197.57 197.55 197.52 197.49 197.45 197.41 197.37 197.31 197.26 197.19 197.13 197.06 196.99 196.91 196.83 196.75
197.02 197.00 196.99 196.98 196.97 196.96 196.96 196.97 196.98 196.99 197.01 197.04 197.07 197.10 197.14 197.18 197.22 197.27 197.31 197.35 197.39 197.43 197.46 197.49 197.51 197.53 197.55 197.56 197.57 197.58 197.58 197.58 197.58 197.58 197.58 197.57 197.57 197.56 197.56 197.56 197.55 197.55 197.55 197.55 197.55 197.55 197.56 197.56 197.56 197.55 197.55 197.55 197.54 197.53 197.52 197.50 197.48 197.45 197.42 197.39 197.34 197.30 197.25 197.19 197.13 197.07 197.00 196.93 196.85 196.78 196.70
197.03 197.01 196.99 196.97 196.96 196.95 196.95 196.95 196.96 196.97 196.99 197.02 197.05 197.09 197.13 197.18 197.23 197.28 197.32 197.37 197.41 197.45 197.48 197.51 197.53 197.55 197.56 197.57 197.57 197.57 197.57 197.57 197.56 197.55 197.55 197.54 197.52 197.51 197.51 197.50 197.49 197.49 197.49 197.49 197.49 197.49 197.49 197.49 197.49 197.49 197.49 197.48 197.48 197.46 197.45 197.43 197.41 197.39 197.36 197.32 197.28 197.23 197.18 197.13 197.07 197.01 196.94 196.87 196.79 196.72 196.64
197.04 197.01 196.99 196.97 196.96 196.95 196.94 196.94 196.94 196.95 196.97 197.00 197.03 197.08 197.12 197.18 197.23 197.29 197.34 197.39 197.44 197.47 197.51 197.53 197.55 197.57 197.58 197.58 197.58 197.58 197.57 197.56 197.55 197.53 197.52 197.50 197.48 197.47 197.45 197.44 197.43 197.43 197.43 197.42 197.42 197.43 197.43 197.43 197.43 197.43 197.43 197.42 197.41 197.40 197.39 197.37 197.35 197.32 197.29 197.26 197.22 197.17 197.12 197.07 197.01 196.95 196.88 196.81 196.74 196.66 196.58
197.04 197.02 196.99 196.97 196.95 196.94 196.93 196.93 196.93 196.94 196.95 196.98 197.02 197.06 197.12 197.18 197.24 197.30 197.36 197.42 197.46 197.51 197.54 197.57 197.58 197.60 197.60 197.60 197.60 197.59 197.58 197.56 197.54 197.52 197.50 197.47 197.45 197.43 197.41 197.39 197.38 197.37 197.36 197.36 197.36 197.37 197.37 197.37 197.37 197.37 197.37 197.37 197.36 197.35 197.33 197.31 197.29 197.27 197.23 197.20 197.16 197.11 197.06 197.01 196.95 196.89 196.82 196.75 196.68 196.60 196.52
197.05 197.02 197.00 196.97 196.95 196.94 196.92 196.92 196.91 196.92 196.93 196.96 197.00 197.05 197.11 197.18 197.25 197.32 197.39 197.45 197.50 197.55 197.58 197.61 197.63 197.64 197.64 197.63 197.62 197.61 197.59 197.57 197.54 197.51 197.48 197.45 197.42 197.39 197.36 197.34 197.32 197.31 197.30 197.30 197.30 197.31 197.31 197.32 197.32 197.32 197.32 197.31 197.30 197.29 197.28 197.26 197.24 197.21 197.18 197.14 197.10 197.05 197.00 196.95 196.89 196.83 196.76 196.69 196.62 196.54 196.46
197.07 197.03 197.00 196.98 196.96 196.94 196.92 196.91 196.90 196.90 196.91 196.94 196.98 197.04 197.11 197.19 197.27 197.35 197.43 197.50 197.56 197.60 197.64 197.67 197.68 197.68 197.68 197.67 197.66 197.64 197.61 197.58 197.55 197.51 197.47 197.43 197.39 197.35 197.32 197.28 197.26 197.25 197.24 197.24 197.25 197.25 197.26 197.26 197.27 197.27 197.27 197.26 197.25 197.24 197.23 197.21 197.18 197.15 197.12 197.08 197.04 196.99 196.94 196.89 196.83 196.77 196.70 196.63 196.56 196.48 196.40
197.08 197.05 197.02 196.99 196.97 196.95 196.93 196.91 196.90 196.89 196.89 196.91 196.96 197.03 197.11 197.20 197.30 197.39 197.48 197.56 197.62 197.68 197.71 197.73 197.74 197.74 197.73 197.72 197.70 197.67 197.64 197.60 197.56 197.52 197.47 197.42 197.37 197.32 197.27 197.23 197.21 197.19 197.19 197.19 197.20 197.21 197.21 197.22 197.22 197.22 197.22 197.22 197.21 197.19 197.18 197.16 197.13 197.10 197.07 197.03 196.98 196.94 196.88 196.83 196.77 196.71 196.64 196.57 196.50 196.42 196.34
197.11 197.07 197.04 197.01 196.99 196.97 196.95 196.93 196.91 196.89 196.88 196.89 196.94 197.02 197.12 197.23 197.34 197.44 197.54 197.63 197.71 197.76 197.80 197.81 197.81 197.81 197.79 197.77 197.74 197.71 197.67 197.63 197.58 197.53 197.48 197.42 197.36 197.29 197.23 197.18 197.15 197.13 197.14 197.14 197.15 197.16 197.17 197.18 197.18 197.18 197.18 197.17 197.16 197.15 197.13 197.11 197.08 197.05 197.01 196.97 196.93 196.88 196.83 196.77 196.71 196.65 196.58 196.51 196.44 196.36 196.29
