Experimentos/Kriking/kriging_ordinario.asc
NCOLS          450       
NROWS          450       
XLLCENTER      -8789850.00
YLLCENTER      45000.00  
DX             522.00    
DY             555.00    
NODATA_VALUE   -999.00   
[rows 0 to 31 of 450, columns 284 to 354 of 450]
208.09 208.18 208.27 208.36 208.46 208.55 208.65 208.74 208.84 208.93 209.03 209.13 209.23 209.33 209.43 209.53 209.64 209.74 209.85 209.96 210.07 210.18 210.29 210.41 210.52 210.64 210.75 210.87 210.99 211.11 211.22 211.34 211.46 211.59 211.71 211.83 211.96 212.08 212.21 212.34 212.46 212.59 212.72 212.84 212.97 213.10 213.23 213.36 213.49 213.61 213.74 213.87 214.00 214.13 214.25 214.38 214.51 214.64 214.76 214.89 215.01 215.14 215.27 215.39 215.52 215.65 215.78 215.91 216.04 216.16 216.29
208.00 208.10 208.19 208.28 208.38 208.48 208.57 208.67 208.76 208.86 208.96 209.06 209.16 209.26 209.36 209.47 209.57 209.68 209.79 209.90 210.01 210.12 210.23 210.35 210.46 210.58 210.69 210.81 210.93 211.05 211.17 211.29 211.41 211.53 211.66 211.78 211.91 212.03 212.16 212.29 212.42 212.54 212.67 212.80 212.93 213.06 213.19 213.32 213.45 213.58 213.71 213.84 213.97 214.09 214.22 214.35 214.48 214.61 214.74 214.86 214.99 215.12 215.25 215.37 215.50 215.63 215.76 215.89 216.02 216.15 216.28
207.92 208.01 208.11 208.20 208.30 208.40 208.50 208.59 208.69 208.79 208.89 208.99 209.09 209.19 209.30 209.40 209.51 209.61 209.72 209.83 209.94 210.05 210.17 210.28 210.40 210.52 210.63 210.75 210.87 210.99 211.11 211.24 211.36 211.48 211.61 211.73 211.86 211.98 212.11 212.24 212.37 212.50 212.63 212.76 212.89 213.02 213.15 213.28 213.41 213.54 213.67 213.80 213.93 214.06 214.19 214.32 214.45 214.58 214.71 214.84 214.97 215.10 215.23 215.35 215.48 215.61 215.74 215.87 216.00 216.13 216.26
207.84 207.93 208.03 208.12 208.22 208.32 208.42 208.52 208.62 208.72 208.82 208.92 209.02 209.12 209.23 209.33 209.44 209.55 209.66 209.77 209.88 209.99 210.11 210.22 210.34 210.46 210.58 210.70 210.82 210.94 211.06 211.18 211.31 211.43 211.56 211.68 211.81 211.94 212.07 212.19 212.32 212.46 212.59 212.72 212.85 212.98 213.11 213.24 213.37 213.51 213.64 213.77 213.90 214.03 214.16 214.30 214.43 214.56 214.69 214.82 214.95 215.08 215.21 215.34 215.47 215.60 215.73 215.86 215.99 216.12 216.25
207.75 207.85 207.94 208.04 208.14 208.24 208.34 208.44 208.54 208.64 208.74 208.85 208.95 209.05 209.16 209.26 209.37 209.48 209.59 209.70 209.81 209.93 210.04 210.16 210.27 210.39 210.51 210.63 210.76 210.88 211.00 211.13 211.25 211.38 211.50 211.63 211.76 211.89 212.02 212.15 212.28 212.41 212.54 212.68 212.81 212.94 213.07 213.21 213.34 213.47 213.61 213.74 213.87 214.00 214.14 214.27 214.40 214.53 214.67 214.80 214.93 215.06 215.19 215.32 215.45 215.58 215.71 215.84 215.98 216.11 216.24
207.66 207.76 207.85 207.95 208.05 208.15 208.25 208.35 208.45 208.56 208.66 208.76 208.87 208.97 209.08 209.19 209.30 209.41 209.52 209.63 209.74 209.86 209.97 210.09 210.21 210.33 210.45 210.57 210.69 210.82 210.94 211.07 211.19 211.32 211.45 211.58 211.71 211.84 211.97 212.10 212.23 212.37 212.50 212.63 212.77 212.90 213.04 213.17 213.31 213.44 213.57 213.71 213.84 213.98 214.11 214.25 214.38 214.51 214.65 214.78 214.91 215.04 215.18 215.31 215.44 215.57 215.70 215.84 215.97 216.10 216.23
207.57 207.66 207.76 207.86 207.96 208.06 208.16 208.26 208.36 208.47 208.57 208.68 208.78 208.89 209.00 209.10 209.21 209.33 209.44 209.55 209.66 209.78 209.90 210.02 210.14 210.26 210.38 210.50 210.63 210.75 210.88 211.01 211.13 211.26 211.39 211.52 211.66 211.79 211.92 212.05 212.19 212.32 212.46 212.59 212.73 212.86 213.00 213.14 213.27 213.41 213.55 213.68 213.82 213.95 214.09 214.23 214.36 214.50 214.63 214.76 214.90 215.03 215.17 215.30 215.43 215.57 215.70 215.83 215.96 216.10 216.23
207.47 207.56 207.66 207.76 207.86 207.96 208.06 208.16 208.27 208.37 208.48 208.58 208.69 208.80 208.91 209.02 209.13 209.24 209.35 209.47 209.58 209.70 209.82 209.94 210.06 210.18 210.31 210.43 210.56 210.68 210.81 210.94 211.07 211.20 211.33 211.47 211.60 211.73 211.87 212.00 212.14 212.28 212.41 212.55 212.69 212.83 212.97 213.10 213.24 213.38 213.52 213.66 213.79 213.93 214.07 214.21 214.34 214.48 214.62 214.75 214.89 215.03 215.16 215.30 215.43 215.56 215.70 215.83 215.96 216.10 216.23
207.37 207.46 207.56 207.66 207.76 207.86 207.96 208.07 208.17 208.28 208.38 208.49 208.60 208.71 208.82 208.93 209.04 209.15 209.27 209.38 209.50 209.62 209.74 209.86 209.98 210.11 210.23 210.36 210.49 210.61 210.74 210.87 211.01 211.14 211.27 211.41 211.54 211.68 211.81 211.95 212.09 212.23 212.37 212.51 212.65 212.79 212.93 213.07 213.21 213.35 213.49 213.63 213.77 213.91 214.05 214.19 214.33 214.47 214.61 214.74 214.88 215.02 215.16 215.29 215.43 215.56 215.70 215.83 215.97 216.10 216.24
207.26 207.36 207.46 207.56 207.66 207.76 207.86 207.97 208.07 208.18 208.29 208.39 208.50 208.61 208.72 208.84 208.95 209.06 209.18 209.29 209.41 209.53 209.65 209.78 209.90 210.03 210.15 210.28 210.41 210.54 210.67 210.81 210.94 211.07 211.21 211.35 211.48 211.62 211.76 211.90 212.04 212.18 212.32 212.47 212.61 212.75 212.89 213.04 213.18 213.32 213.46 213.60 213.75 213.89 214.03 214.17 214.31 214.45 214.59 214.73 214.87 215.01 215.15 215.29 215.43 215.57 215.70 215.84 215.97 216.11 216.25
207.16 207.25 207.35 207.45 207.55 207.65 207.76 207.86 207.97 208.08 208.18 208.29 208.40 208.52 208.63 208.74 208.86 208.97 209.09 209.20 209.32 209.44 209.57 209.69 209.82 209.94 210.07 210.20 210.34 210.47 210.60 210.74 210.87 211.01 211.15 211.28 211.42 211.56 211.71 211.85 211.99 212.13 212.28 212.42 212.57 212.71 212.86 213.00 213.15 213.29 213.43 213.58 213.72 213.87 214.01 214.15 214.30 214.44 214.58 214.72 214.87 215.01 215.15 215.29 215.43 215.57 215.71 215.84 215.98 216.12 216.26
207.05 207.14 207.24 207.34 207.44 207.55 207.65 207.76 207.86 207.97 208.08 208.19 208.31 208.42 208.53 208.65 208.76 208.88 209.00 209.11 209.23 209.36 209.48 209.60 209.73 209.86 209.99 210.12 210.26 210.39 210.53 210.67 210.80 210.94 211.08 211.22 211.36 211.51 211.65 211.79 211.94 212.08 212.23 212.38 212.52 212.67 212.82 212.97 213.11 213.26 213.40 213.55 213.70 213.84 213.99 214.14 214.28 214.43 214.57 214.71 214.86 215.00 215.14 215.29 215.43 215.57 215.71 215.85 215.99 216.13 216.27
206.93 207.03 207.13 207.23 207.33 207.44 207.54 207.65 207.76 207.87 207.98 208.09 208.21 208.32 208.44 208.55 208.67 208.79 208.91 209.03 209.15 209.27 209.40 209.52 209.65 209.78 209.91 210.04 210.18 210.32 210.45 210.59 210.73 210.87 211.02 211.16 211.30 211.45 211.59 211.74 211.88 212.03 212.18 212.33 212.48 212.63 212.78 212.93 213.08 213.23 213.38 213.52 213.67 213.82 213.97 214.12 214.27 214.41 214.56 214.71 214.85 215.00 215.14 215.29 215.43 215.57 215.72 215.86 216.00 216.14 216.28
206.81 206.91 207.02 207.12 207.22 207.33 207.44 207.55 207.66 207.77 207.88 207.99 208.11 208.23 208.34 208.46 208.58 208.70 208.82 208.94 209.06 209.19 209.31 209.44 209.57 209.70 209.83 209.97 210.10 210.24 210.38 210.52 210.66 210.81 210.95 211.09 211.24 211.38 211.53 211.68 211.83 211.98 212.13 212.28 212.43 212.58 212.73 212.89 213.04 213.19 213.34 213.49 213.65 213.80 213.95 214.10 214.25 214.40 214.55 214.69 214.84 214.99 215.14 215.28 215.43 215.57 215.72 215.86 216.01 216.15 216.29
206.70 206.80 206.90 207.01 207.11 207.22 207.33 207.44 207.55 207.67 207.78 207.90 208.01 208.13 208.25 208.37 208.49 208.61 208.74 208.86 208.98 209.11 209.24 209.36 209.49 209.62 209.76 209.89 210.03 210.17 210.31 210.45 210.59 210.74 210.88 211.03 211.18 211.33 211.47 211.62 211.77 211.92 212.08 212.23 212.38 212.54 212.69 212.85 213.00 213.16 213.31 213.46 213.62 213.77 213.92 214.07 214.23 214.38 214.53 214.68 214.83 214.98 215.13 215.28 215.42 215.57 215.72 215.86 216.01 216.15 216.30
206.59 206.69 206.79 206.89 207.00 207.11 207.22 207.33 207.45 207.56 207.68 207.80 207.92 208.04 208.16 208.28 208.40 208.53 208.65 208.78 208.91 209.03 209.16 209.29 209.42 209.55 209.69 209.82 209.96 210.10 210.24 210.38 210.53 210.67 210.82 210.97 211.12 211.27 211.42 211.57 211.72 211.88 212.03 212.18 212.34 212.49 212.65 212.81 212.96 213.12 213.27 213.43 213.59 213.74 213.90 214.05 214.20 214.36 214.51 214.66 214.81 214.97 215.12 215.27 215.42 215.57 215.72 215.86 216.01 216.16 216.30
206.47 206.58 206.68 206.78 206.89 207.00 207.11 207.23 207.34 207.46 207.58 207.70 207.82 207.94 208.06 208.19 208.32 208.44 208.57 208.70 208.83 208.96 209.09 209.22 209.35 209.48 209.62 209.75 209.89 210.03 210.17 210.32 210.46 210.61 210.76 210.91 211.06 211.21 211.37 211.52 211.67 211.83 211.98 212.14 212.30 212.45 212.61 212.77 212.93 213.08 213.24 213.40 213.56 213.71 213.87 214.03 214.18 214.34 214.49 214.65 214.80 214.95 215.11 215.26 215.41 215.56 215.71 215.86 216.01 216.16 216.31
206.36 206.47 206.57 206.68 206.78 206.90 207.01 207.12 207.24 207.36 207.48 207.60 207.72 207.84 207.97 208.10 208.23 208.35 208.48 208.62 208.75 208.88 209.01 209.15 209.28 209.41 209.55 209.69 209.83 209.97 210.11 210.26 210.40 210.55 210.70 210.85 211.01 211.16 211.31 211.47 211.62 211.78 211.94 212.10 212.25 212.41 212.57 212.73 212.89 213.05 213.21 213.37 213.53 213.69 213.85 214.00 214.16 214.32 214.48 214.63 214.79 214.94 215.10 215.25 215.41 215.56 215.71 215.86 216.01 216.16 216.31
206.25 206.36 206.46 206.57 206.68 206.79 206.90 207.02 207.14 207.25 207.38 207.50 207.62 207.75 207.88 208.01 208.14 208.27 208.40 208.53 208.67 208.80 208.94 209.07 209.21 209.35 209.48 209.62 209.77 209.91 210.05 210.20 210.35 210.49 210.64 210.80 210.95 211.11 211.26 211.42 211.58 211.73 211.89 212.05 212.21 212.37 212.54 212.70 212.86 213.02 213.18 213.34 213.51 213.67 213.83 213.99 214.15 214.31 214.46 214.62 214.78 214.94 215.09 215.25 215.40 215.56 215.71 215.87 216.02 216.17 216.32
206.15 206.25 206.35 206.46 206.57 206.68 206.80 206.92 207.03 207.15 207.28 207.40 207.53 207.65 207.78 207.91 208.05 208.18 208.31 208.45 208.59 208.72 208.86 209.00 209.14 209.28 209.42 209.56 209.70 209.85 209.99 210.14 210.29 210.44 210.59 210.74 210.90 211.05 211.21 211.37 211.53 211.69 211.85 212.01 212.17 212.34 212.50 212.66 212.83 212.99 213.16 213.32 213.48 213.65 213.81 213.97 214.13 214.29 214.46 214.62 214.77 214.93 215.09 215.25 215.41 215.56 215.72 215.87 216.03 216.18 216.33
206.04 206.14 206.25 206.36 206.47 206.58 206.70 206.81 206.93 207.05 207.18 207.30 207.43 207.56 207.69 207.82 207.96 208.09 208.23 208.37 208.50 208.64 208.78 208.92 209.07 209.21 209.35 209.49 209.64 209.78 209.93 210.08 210.23 210.38 210.53 210.69 210.85 211.00 211.16 211.32 211.48 211.64 211.81 211.97 212.14 212.30 212.47 212.63 212.80 212.97 213.13 213.30 213.47 213.63 213.80 213.96 214.12 214.29 214.45 214.61 214.77 214.93 215.09 215.25 215.41 215.57 215.72 215.88 216.04 216.19 216.34
205.93 206.03 206.14 206.25 206.36 206.48 206.59 206.71 206.83 206.96 207.08 207.21 207.33 207.46 207.60 207.73 207.87 208.00 208.14 208.28 208.42 208.56 208.71 208.85 208.99 209.14 209.28 209.43 209.57 209.72 209.87 210.02 210.17 210.33 210.48 210.64 210.80 210.96 211.12 211.28 211.44 211.61 211.77 211.94 212.10 212.27 212.44 212.61 212.77 212.94 213.11 213.28 213.45 213.62 213.79 213.95 214.12 214.28 214.45 214.61 214.77 214.94 215.10 215.26 215.42 215.58 215.73 215.89 216.05 216.21 216.36
205.82 205.93 206.04 206.15 206.26 206.38 206.49 206.61 206.74 206.86 206.98 207.11 207.24 207.37 207.51 207.64 207.78 207.92 208.06 208.20 208.34 208.48 208.63 208.78 208.92 209.07 209.22 209.36 209.51 209.66 209.81 209.96 210.12 210.27 210.43 210.59 210.75 210.91 211.08 211.24 211.41 211.57 211.74 211.90 212.07 212.24 212.41 212.58 212.75 212.92 213.09 213.27 213.44 213.61 213.78 213.95 214.11 214.28 214.45 214.61 214.78 214.94 215.11 215.27 215.43 215.59 215.75 215.91 216.07 216.22 216.38
205.71 205.82 205.93 206.04 206.16 206.28 206.39 206.52 206.64 206.76 206.89 207.02 207.15 207.28 207.42 207.55 207.69 207.83 207.97 208.12 208.26 208.41 208.56 208.70 208.85 209.00 209.15 209.31 209.46 209.61 209.76 209.92 210.07 210.23 210.39 210.55 210.71 210.87 211.04 211.20 211.37 211.54 211.71 211.88 212.05 212.22 212.39 212.56 212.74 212.91 213.08 213.26 213.43 213.60 213.78 213.95 214.12 214.29 214.45 214.62 214.79 214.95 215.12 215.28 215.45 215.61 215.77 215.93 216.09 216.25 216.40
205.61 205.72 205.83 205.94 206.06 206.18 206.30 206.42 206.54 206.67 206.80 206.93 207.06 207.19 207.33 207.47 207.61 207.75 207.89 208.04 208.19 208.34 208.49 208.64 208.79 208.94 209.10 209.25 209.40 209.56 209.71 209.87 210.03 210.19 210.35 210.51 210.67 210.84 211.00 211.17 211.34 211.51 211.68 211.85 212.03 212.20 212.37 212.55 212.72 212.90 213.08 213.25 213.43 213.60 213.78 213.95 214.12 214.30 214.47 214.64 214.80 214.97 215.14 215.30 215.47 215.63 215.80 215.96 216.12 216.28 216.43
205.50 205.61 205.72 205.84 205.96 206.08 206.20 206.32 206.45 206.58 206.71 206.84 206.97 207.11 207.24 207.38 207.53 207.67 207.82 207.96 208.11 208.26 208.42 208.57 208.73 208.88 209.04 209.20 209.35 209.51 209.67 209.83 209.99 210.15 210.31 210.48 210.64 210.81 210.98 211.15 211.32 211.49 211.66 211.84 212.01 212.19 212.36 212.54 212.72 212.89 213.07 213.25 213.43 213.61 213.78 213.96 214.14 214.31 214.48 214.66 214.83 215.00 215.17 215.33 215.50 215.66 215.83 215.99 216.15 216.31 216.47
205.40 205.51 205.62 205.74 205.85 205.98 206.10 206.22 206.35 206.48 206.61 206.75 206.88 207.02 207.16 207.30 207.45 207.59 207.74 207.89 208.04 208.20 208.35 208.51 208.67 208.82 208.98 209.15 209.31 209.47 209.63 209.79 209.95 210.12 210.28 210.45 210.62 210.79 210.96 211.13 211.30 211.47 211.65 211.82 212.00 212.18 212.36 212.53 212.71 212.89 213.07 213.25 213.43 213.61 213.80 213.98 214.15 214.33 214.51 214.68 214.85 215.03 215.20 215.37 215.53 215.70 215.87 216.03 216.19 216.36 216.52
205.29 205.41 205.52 205.64 205.76 205.88 206.00 206.13 206.26 206.39 206.52 206.66 206.80 206.94 207.08 207.22 207.37 207.52 207.67 207.82 207.97 208.13 208.29 208.45 208.61 208.77 208.93 209.10 209.26 209.43 209.59 209.76 209.92 210.09 210.26 210.42 210.59 210.77 210.94 211.11 211.29 211.46 211.64 211.82 211.99 212.17 212.35 212.53 212.71 212.90 213.08 213.26 213.44 213.63 213.81 213.99 214.18 214.36 214.53 214.71 214.89 215.06 215.23 215.41 215.58 215.74 215.91 216.08 216.24 216.40 216.57
205.19 205.30 205.42 205.54 205.66 205.79 205.91 206.04 206.17 206.31 206.44 206.58 206.72 206.86 207.00 207.15 207.29 207.44 207.60 207.75 207.91 208.06 208.23 208.39 208.55 208.71 208.88 209.05 209.22 209.38 209.55 209.72 209.89 210.06 210.23 210.40 210.58 210.75 210.92 211.10 211.28 211.45 211.63 211.81 211.99 212.17 212.36 212.54 212.72 212.90 213.09 213.27 213.46 213.65 213.83 214.02 214.20 214.38 214.57 214.75 214.93 215.10 215.28 215.45 215.62 215.79 215.96 216.13 216.30 216.46 216.62
205.09 205.20 205.32 205.44 205.57 205.69 205.82 205.95 206.09 206.22 206.36 206.50 206.64 206.79 206.93 207.08 207.23 207.38 207.53 207.69 207.84 208.00 208.17 208.33 208.50 208.66 208.83 209.00 209.17 209.35 209.52 209.69 209.86 210.04 210.21 210.39 210.56 210.74 210.91 211.09 211.27 211.45 211.63 211.81 212.00 212.18 212.36 212.55 212.73 212.92 213.10 213.29 213.48 213.67 213.85 214.04 214.23 214.42 214.60 214.79 214.97 215.15 215.33 215.50 215.68 215.85 216.02 216.19 216.36 216.52 216.69
204.99 205.11 205.23 205.35 205.47 205.60 205.73 205.86 206.00 206.14 206.28 206.42 206.57 206.71 206.86 207.01 207.16 207.32 207.47 207.63 207.79 207.95 208.11 208.28 208.45 208.61 208.79 208.96 209.13 209.31 209.48 209.66 209.84 210.01 210.19 210.37 210.55 210.73 210.91 211.09 211.27 211.45 211.64 211.82 212.01 212.19 212.38 212.56 212.75 212.94 213.13 213.31 213.50 213.69 213.88 214.07 214.26 214.45 214.64 214.83 215.01 215.20 215.38 215.56 215.74 215.91 216.09 216.26 216.43 216.59 216.76
204.88 205.00 205.13 205.25 205.38 205.51 205.64 205.77 205.91 206.05 206.20 206.34 206.49 206.64 206.79 206.94 207.10 207.26 207.41 207.57 207.73 207.90 208.06 208.23 208.40 208.57 208.74 208.92 209.09 209.27 209.45 209.63 209.81 209.99 210.17 210.35 210.53 210.72 210.90 211.08 211.27 211.45 211.64 211.83 212.02 212.20 212.39 212.58 212.77 212.96 213.15 213.34 213.53 213.72 213.91 214.11 214.30 214.49 214.68 214.87 215.06 215.25 215.43 215.62 215.80 215.98 216.15 216.33 216.50 216.67 216.84
