Experimentos/Mapas/kriging_ordinario.asc
NCOLS          450       
NROWS          450       
XLLCENTER      -8789850.00
YLLCENTER      45000.00  
DX             522.00    
DY             555.00    
NODATA_VALUE   -999.00   
[rows 320 to 351 of 450, columns 142 to 212 of 450]
194.30 194.38 194.49 194.63 194.79 194.98 195.19 195.41 195.65 195.91 196.19 196.51 196.87 197.27 197.69 198.13 198.58 199.02 199.45 199.88 200.30 200.71 201.10 201.49 201.86 202.23 202.59 202.93 203.28 203.62 203.96 204.30 204.64 204.99 205.35 205.70 206.07 206.44 206.82 207.20 207.58 207.97 208.37 208.76 209.17 209.57 209.98 210.40 210.82 211.24 211.67 212.11 212.55 212.99 213.44 213.89 214.34 214.77 215.18 215.55 215.88 216.19 216.47 216.76 217.05 217.36 217.69 218.06 218.47 218.95 219.49
194.54 194.61 194.72 194.86 195.04 195.24 195.45 195.68 195.92 196.17 196.44 196.76 197.12 197.54 197.99 198.45 198.91 199.36 199.80 200.23 200.64 201.04 201.43 201.81 202.17 202.52 202.86 203.19 203.52 203.84 204.17 204.50 204.83 205.17 205.51 205.87 206.23 206.59 206.96 207.34 207.72 208.11 208.50 208.90 209.30 209.71 210.12 210.53 210.95 211.38 211.81 212.25 212.69 213.15 213.61 214.08 214.55 215.01 215.44 215.82 216.14 216.42 216.68 216.94 217.22 217.51 217.83 218.18 218.58 219.06 219.62
194.80 194.85 194.95 195.11 195.31 195.53 195.75 195.98 196.22 196.46 196.71 197.01 197.38 197.84 198.32 198.80 199.28 199.74 200.18 200.61 201.01 201.40 201.78 202.15 202.50 202.83 203.15 203.47 203.77 204.08 204.39 204.70 205.02 205.35 205.68 206.03 206.38 206.74 207.11 207.48 207.86 208.25 208.64 209.04 209.43 209.84 210.25 210.66 211.08 211.50 211.94 212.38 212.83 213.29 213.76 214.24 214.73 215.22 215.70 216.11 216.40 216.64 216.87 217.11 217.37 217.66 217.96 218.30 218.68 219.13 219.72
195.09 195.13 195.20 195.40 195.63 195.86 196.09 196.33 196.56 196.80 197.04 197.28 197.67 198.19 198.70 199.21 199.69 200.16 200.61 201.03 201.42 201.79 202.17 202.52 202.86 203.17 203.47 203.75 204.04 204.32 204.61 204.91 205.21 205.53 205.85 206.19 206.54 206.90 207.26 207.63 208.01 208.39 208.78 209.17 209.57 209.97 210.38 210.79 211.20 211.63 212.05 212.49 212.94 213.40 213.87 214.36 214.87 215.39 215.93 216.40 216.61 216.80 217.02 217.26 217.52 217.80 218.11 218.44 218.79 219.19 219.84
195.44 195.49 195.58 195.78 196.00 196.24 196.48 196.72 196.97 197.22 197.47 197.74 198.14 198.64 199.16 199.67 200.16 200.63 201.08 201.50 201.89 202.25 202.61 202.94 203.24 203.53 203.79 204.05 204.31 204.57 204.83 205.11 205.40 205.70 206.02 206.35 206.70 207.05 207.41 207.78 208.16 208.54 208.92 209.31 209.71 210.10 210.50 210.91 211.32 211.74 212.16 212.60 213.04 213.49 213.96 214.44 214.94 215.45 215.97 216.41 216.67 216.88 217.11 217.37 217.65 217.95 218.27 218.62 219.00 219.45 220.10
195.84 195.92 196.05 196.22 196.43 196.67 196.91 197.16 197.42 197.70 197.99 198.32 198.72 199.18 199.68 200.18 200.67 201.15 201.60 202.02 202.40 202.76 203.09 203.39 203.66 203.91 204.14 204.36 204.59 204.81 205.05 205.31 205.59 205.88 206.19 206.52 206.86 207.21 207.57 207.93 208.31 208.68 209.07 209.45 209.84 210.24 210.63 211.04 211.44 211.85 212.27 212.69 213.12 213.56 214.01 214.47 214.94 215.42 215.88 216.29 216.61 216.89 217.17 217.45 217.76 218.09 218.45 218.85 219.29 219.81 220.44
196.27 196.37 196.51 196.69 196.89 197.13 197.38 197.64 197.92 198.21 198.54 198.90 199.31 199.76 200.24 200.74 201.23 201.70 202.15 202.57 202.96 203.30 203.61 203.87 204.10 204.31 204.50 204.68 204.86 205.06 205.27 205.51 205.76 206.05 206.35 206.68 207.01 207.36 207.72 208.09 208.46 208.84 209.22 209.60 209.99 210.37 210.77 211.16 211.56 211.96 212.36 212.77 213.19 213.61 214.04 214.48 214.92 215.36 215.78 216.18 216.53 216.86 217.19 217.52 217.87 218.24 218.64 219.08 219.57 220.14 220.78
196.71 196.83 196.98 197.16 197.37 197.61 197.86 198.14 198.43 198.75 199.10 199.47 199.89 200.34 200.82 201.31 201.80 202.28 202.74 203.17 203.55 203.88 204.16 204.38 204.57 204.73 204.87 205.00 205.14 205.29 205.48 205.69 205.94 206.21 206.51 206.84 207.18 207.53 207.89 208.25 208.62 209.00 209.37 209.75 210.13 210.52 210.90 211.29 211.68 212.07 212.46 212.85 213.25 213.65 214.06 214.47 214.88 215.29 215.69 216.08 216.46 216.83 217.20 217.58 217.97 218.39 218.83 219.31 219.85 220.44 221.10
197.15 197.29 197.45 197.64 197.86 198.10 198.36 198.65 198.96 199.29 199.65 200.04 200.47 200.92 201.40 201.90 202.39 202.89 203.36 203.79 204.18 204.50 204.74 204.92 205.06 205.16 205.24 205.32 205.41 205.52 205.67 205.86 206.10 206.37 206.67 207.00 207.34 207.69 208.06 208.42 208.79 209.16 209.54 209.91 210.29 210.67 211.04 211.42 211.80 212.18 212.56 212.94 213.32 213.70 214.08 214.46 214.84 215.22 215.61 216.00 216.39 216.80 217.21 217.64 218.08 218.53 219.02 219.54 220.10 220.72 221.40
197.60 197.75 197.92 198.12 198.34 198.59 198.86 199.16 199.48 199.82 200.20 200.60 201.03 201.49 201.97 202.47 202.98 203.49 203.98 204.44 204.84 205.15 205.36 205.49 205.56 205.59 205.61 205.63 205.66 205.73 205.84 206.01 206.24 206.52 206.84 207.17 207.52 207.87 208.23 208.60 208.97 209.34 209.71 210.08 210.45 210.82 211.20 211.57 211.93 212.30 212.67 213.03 213.39 213.75 214.11 214.46 214.81 215.16 215.53 215.92 216.34 216.78 217.24 217.71 218.19 218.69 219.21 219.75 220.34 220.98 221.68
198.04 198.20 198.39 198.60 198.83 199.08 199.36 199.66 199.99 200.34 200.72 201.13 201.57 202.03 202.52 203.03 203.55 204.08 204.60 205.09 205.52 205.83 206.00 206.06 206.05 206.02 205.98 205.94 205.91 205.92 205.99 206.14 206.38 206.68 207.01 207.35 207.70 208.06 208.43 208.79 209.16 209.53 209.89 210.26 210.63 210.99 211.36 211.72 212.08 212.44 212.79 213.14 213.49 213.83 214.16 214.48 214.81 215.13 215.47 215.86 216.31 216.79 217.29 217.81 218.33 218.86 219.40 219.97 220.58 221.23 221.94
198.48 198.65 198.85 199.06 199.30 199.56 199.85 200.15 200.49 200.85 201.23 201.65 202.08 202.55 203.04 203.55 204.08 204.62 205.17 205.72 206.22 206.56 206.65 206.61 206.52 206.43 206.33 206.24 206.16 206.10 206.10 206.25 206.53 206.85 207.20 207.55 207.91 208.27 208.64 209.00 209.37 209.73 210.09 210.46 210.82 211.18 211.53 211.89 212.24 212.59 212.93 213.27 213.61 213.93 214.24 214.55 214.84 215.13 215.44 215.81 216.30 216.84 217.39 217.94 218.49 219.05 219.62 220.20 220.81 221.47 222.19
198.91 199.09 199.29 199.52 199.76 200.03 200.32 200.63 200.97 201.33 201.72 202.13 202.57 203.03 203.52 204.02 204.55 205.10 205.66 206.24 206.83 207.32 207.22 207.08 206.93 206.80 206.67 206.55 206.43 206.32 206.22 206.38 206.72 207.07 207.43 207.79 208.15 208.51 208.87 209.23 209.59 209.95 210.30 210.66 211.02 211.37 211.73 212.07 212.42 212.76 213.10 213.43 213.75 214.07 214.37 214.66 214.94 215.21 215.46 215.77 216.36 216.96 217.54 218.12 218.70 219.28 219.87 220.46 221.07 221.70 222.46
199.33 199.52 199.73 199.96 200.21 200.48 200.77 201.09 201.43 201.79 202.17 202.58 203.01 203.47 203.95 204.45 204.96 205.49 206.04 206.59 207.12 207.49 207.50 207.39 207.25 207.12 206.99 206.87 206.75 206.65 206.60 206.74 207.03 207.37 207.71 208.06 208.41 208.76 209.11 209.47 209.82 210.18 210.53 210.88 211.24 211.58 211.93 212.28 212.62 212.95 213.29 213.61 213.93 214.24 214.55 214.84 215.12 215.40 215.69 216.05 216.59 217.18 217.77 218.37 218.96 219.55 220.15 220.77 221.39 222.05 222.80
199.75 199.95 200.16 200.39 200.65 200.92 201.21 201.53 201.86 202.22 202.60 203.01 203.43 203.87 204.34 204.81 205.31 205.81 206.31 206.79 207.21 207.49 207.60 207.57 207.49 207.40 207.29 207.19 207.11 207.06 207.07 207.20 207.43 207.71 208.03 208.36 208.69 209.04 209.38 209.73 210.08 210.42 210.77 211.12 211.47 211.81 212.16 212.50 212.83 213.17 213.50 213.82 214.14 214.46 214.77 215.07 215.38 215.69 216.03 216.44 216.94 217.49 218.07 218.66 219.26 219.87 220.49 221.11 221.76 222.45 223.19
200.16 200.36 200.58 200.81 201.07 201.34 201.63 201.95 202.28 202.64 203.01 203.40 203.81 204.24 204.68 205.14 205.60 206.06 206.51 206.92 207.28 207.53 207.67 207.71 207.69 207.64 207.58 207.52 207.48 207.47 207.52 207.65 207.84 208.09 208.38 208.68 209.00 209.33 209.66 210.00 210.34 210.68 211.03 211.37 211.71 212.05 212.39 212.73 213.07 213.40 213.73 214.06 214.39 214.71 215.03 215.35 215.68 216.03 216.41 216.83 217.32 217.85 218.42 219.01 219.61 220.22 220.85 221.49 222.16 222.86 223.59
200.55 200.76 200.98 201.22 201.47 201.75 202.04 202.35 202.68 203.02 203.39 203.77 204.17 204.58 205.00 205.43 205.85 206.28 206.68 207.04 207.36 207.59 207.75 207.83 207.86 207.86 207.84 207.83 207.83 207.86 207.94 208.07 208.25 208.48 208.74 209.02 209.33 209.64 209.96 210.29 210.62 210.96 211.29 211.63 211.97 212.31 212.65 212.98 213.32 213.66 213.99 214.32 214.65 214.99 215.32 215.66 216.01 216.39 216.79 217.23 217.72 218.24 218.80 219.38 219.98 220.60 221.24 221.89 222.57 223.27 224.00
200.94 201.15 201.37 201.61 201.86 202.14 202.43 202.73 203.05 203.39 203.75 204.12 204.50 204.89 205.29 205.69 206.08 206.47 206.84 207.17 207.45 207.68 207.85 207.96 208.03 208.07 208.10 208.13 208.17 208.23 208.33 208.46 208.64 208.85 209.10 209.37 209.66 209.96 210.27 210.59 210.91 211.24 211.57 211.90 212.24 212.58 212.91 213.25 213.59 213.92 214.26 214.60 214.94 215.29 215.63 215.99 216.37 216.76 217.18 217.63 218.12 218.65 219.20 219.78 220.38 221.01 221.65 222.31 222.99 223.70 224.42
201.32 201.53 201.75 201.99 202.24 202.51 202.80 203.10 203.41 203.74 204.09 204.44 204.80 205.18 205.55 205.93 206.30 206.66 206.99 207.30 207.57 207.79 207.97 208.11 208.21 208.29 208.35 208.41 208.48 208.57 208.69 208.83 209.01 209.22 209.46 209.71 209.99 210.28 210.58 210.89 211.21 211.53 211.86 212.19 212.52 212.86 213.19 213.53 213.87 214.21 214.55 214.90 215.25 215.60 215.96 216.34 216.73 217.14 217.57 218.04 218.53 219.06 219.61 220.19 220.79 221.42 222.07 222.74 223.43 224.14 224.86
201.68 201.89 202.12 202.36 202.61 202.87 203.15 203.45 203.76 204.08 204.41 204.75 205.10 205.45 205.81 206.16 206.51 206.84 207.15 207.44 207.70 207.92 208.11 208.27 208.39 208.50 208.59 208.69 208.79 208.90 209.03 209.19 209.37 209.58 209.81 210.06 210.32 210.61 210.90 211.20 211.51 211.83 212.15 212.48 212.81 213.14 213.48 213.82 214.16 214.51 214.85 215.21 215.56 215.93 216.31 216.69 217.10 217.52 217.97 218.44 218.94 219.47 220.02 220.60 221.21 221.84 222.50 223.18 223.87 224.59 225.32
202.04 202.25 202.48 202.71 202.96 203.22 203.50 203.78 204.08 204.39 204.71 205.04 205.37 205.71 206.05 206.38 206.71 207.02 207.32 207.60 207.85 208.07 208.27 208.43 208.58 208.71 208.83 208.95 209.07 209.21 209.36 209.52 209.71 209.92 210.15 210.39 210.65 210.93 211.22 211.52 211.82 212.14 212.45 212.78 213.11 213.44 213.78 214.12 214.46 214.81 215.17 215.52 215.89 216.27 216.65 217.05 217.47 217.90 218.35 218.83 219.34 219.87 220.43 221.02 221.63 222.27 222.93 223.62 224.33 225.06 225.81
202.39 202.60 202.82 203.06 203.30 203.56 203.83 204.11 204.40 204.70 205.01 205.32 205.64 205.96 206.29 206.60 206.91 207.21 207.50 207.76 208.01 208.23 208.43 208.61 208.78 208.93 209.07 209.21 209.35 209.50 209.67 209.84 210.04 210.25 210.48 210.72 210.98 211.25 211.54 211.83 212.13 212.44 212.76 213.08 213.41 213.74 214.08 214.42 214.77 215.12 215.48 215.85 216.22 216.60 217.00 217.41 217.83 218.27 218.74 219.22 219.73 220.27 220.83 221.42 222.04 222.69 223.36 224.07 224.80 225.55 226.32
202.73 202.94 203.16 203.39 203.63 203.89 204.15 204.42 204.71 205.00 205.29 205.60 205.90 206.21 206.52 206.82 207.12 207.41 207.68 207.94 208.18 208.41 208.61 208.80 208.98 209.15 209.31 209.46 209.62 209.79 209.96 210.15 210.35 210.57 210.80 211.04 211.30 211.57 211.85 212.14 212.44 212.75 213.06 213.39 213.71 214.05 214.39 214.73 215.08 215.44 215.80 216.17 216.55 216.94 217.35 217.76 218.19 218.64 219.11 219.61 220.12 220.66 221.23 221.82 222.45 223.10 223.79 224.51 225.26 226.05 226.85
203.07 203.27 203.49 203.72 203.96 204.20 204.46 204.73 205.00 205.28 205.57 205.86 206.16 206.46 206.75 207.04 207.33 207.60 207.87 208.12 208.36 208.59 208.80 209.00 209.19 209.37 209.54 209.71 209.89 210.06 210.25 210.45 210.66 210.88 211.11 211.35 211.61 211.88 212.16 212.45 212.75 213.05 213.37 213.69 214.02 214.35 214.69 215.04 215.39 215.75 216.12 216.50 216.88 217.28 217.69 218.11 218.55 219.01 219.48 219.98 220.50 221.04 221.61 222.21 222.84 223.50 224.20 224.94 225.72 226.54 227.40
203.39 203.59 203.81 204.03 204.27 204.51 204.76 205.02 205.29 205.56 205.84 206.12 206.41 206.69 206.98 207.26 207.53 207.80 208.06 208.31 208.55 208.78 208.99 209.20 209.39 209.59 209.77 209.96 210.14 210.33 210.53 210.73 210.95 211.17 211.41 211.66 211.92 212.19 212.47 212.75 213.05 213.36 213.67 213.99 214.32 214.66 215.00 215.35 215.70 216.07 216.44 216.82 217.21 217.62 218.03 218.46 218.91 219.37 219.85 220.35 220.87 221.41 221.99 222.59 223.22 223.89 224.60 225.36 226.16 227.02 227.94
203.70 203.91 204.12 204.34 204.57 204.81 205.05 205.31 205.57 205.83 206.10 206.38 206.65 206.93 207.20 207.48 207.74 208.00 208.26 208.51 208.74 208.97 209.19 209.40 209.61 209.81 210.00 210.20 210.39 210.59 210.80 211.01 211.23 211.46 211.70 211.95 212.21 212.48 212.76 213.05 213.35 213.66 213.97 214.29 214.62 214.96 215.30 215.65 216.01 216.38 216.76 217.14 217.54 217.95 218.37 218.80 219.25 219.72 220.20 220.71 221.23 221.78 222.35 222.95 223.58 224.26 224.97 225.74 226.58 227.48 228.45
204.01 204.21 204.42 204.64 204.86 205.10 205.34 205.58 205.84 206.10 206.36 206.62 206.89 207.16 207.43 207.69 207.95 208.21 208.46 208.70 208.94 209.17 209.39 209.61 209.82 210.03 210.23 210.43 210.64 210.85 211.06 211.28 211.51 211.75 211.99 212.24 212.50 212.78 213.06 213.35 213.64 213.95 214.27 214.59 214.92 215.26 215.60 215.96 216.32 216.69 217.07 217.46 217.87 218.28 218.70 219.14 219.60 220.07 220.55 221.06 221.58 222.13 222.70 223.30 223.93 224.60 225.32 226.09 226.94 227.88 228.92
204.30 204.50 204.71 204.92 205.15 205.38 205.61 205.85 206.10 206.35 206.61 206.87 207.13 207.39 207.65 207.91 208.16 208.41 208.66 208.90 209.14 209.37 209.59 209.81 210.03 210.24 210.46 210.67 210.88 211.10 211.32 211.54 211.78 212.02 212.27 212.52 212.79 213.06 213.34 213.63 213.93 214.24 214.56 214.88 215.21 215.55 215.90 216.26 216.62 217.00 217.38 217.78 218.18 218.60 219.03 219.48 219.93 220.41 220.90 221.40 221.93 222.48 223.05 223.64 224.27 224.93 225.63 226.40 227.25 228.22 229.32
204.59 204.79 204.99 205.20 205.42 205.65 205.88 206.12 206.36 206.60 206.85 207.11 207.36 207.61 207.87 208.12 208.37 208.62 208.86 209.10 209.34 209.57 209.80 210.02 210.24 210.46 210.68 210.90 211.12 211.34 211.57 211.80 212.04 212.28 212.53 212.79 213.06 213.34 213.62 213.91 214.21 214.52 214.84 215.17 215.50 215.84 216.19 216.55 216.92 217.30 217.69 218.09 218.50 218.92 219.35 219.80 220.26 220.74 221.23 221.74 222.27 222.82 223.39 223.98 224.60 225.25 225.93 226.68 227.51 228.48 229.64
204.87 205.07 205.27 205.48 205.69 205.91 206.14 206.37 206.61 206.85 207.09 207.34 207.59 207.84 208.08 208.33 208.58 208.82 209.07 209.30 209.54 209.77 210.00 210.23 210.45 210.68 210.90 211.12 211.35 211.58 211.81 212.05 212.29 212.54 212.79 213.06 213.33 213.61 213.89 214.19 214.49 214.80 215.12 215.45 215.78 216.13 216.48 216.84 217.22 217.60 217.99 218.39 218.81 219.23 219.67 220.12 220.59 221.07 221.56 222.08 222.61 223.16 223.73 224.32 224.93 225.57 226.23 226.94 227.71 228.63 229.86
205.15 205.34 205.54 205.74 205.96 206.17 206.39 206.62 206.85 207.09 207.33 207.57 207.81 208.06 208.30 208.54 208.79 209.03 209.27 209.50 209.74 209.97 210.20 210.43 210.66 210.89 211.12 211.34 211.58 211.81 212.05 212.29 212.54 212.79 213.05 213.31 213.59 213.87 214.16 214.46 214.76 215.07 215.39 215.72 216.06 216.41 216.77 217.13 217.51 217.89 218.29 218.69 219.11 219.54 219.98 220.44 220.91 221.39 221.89 222.41 222.94 223.49 224.06 224.66 225.27 225.90 226.56 227.25 227.97 228.72 230.09
205.42 205.60 205.80 206.00 206.21 206.42 206.64 206.87 207.09 207.32 207.56 207.79 208.03 208.27 208.51 208.75 208.99 209.23 209.47 209.70 209.94 210.17 210.41 210.64 210.87 211.10 211.33 211.56 211.80 212.04 212.28 212.52 212.78 213.03 213.30 213.57 213.84 214.13 214.42 214.72 215.02 215.34 215.66 215.99 216.34 216.68 217.04 217.41 217.79 218.18 218.57 218.98 219.40 219.84 220.28 220.74 221.22 221.71 222.21 222.73 223.27 223.83 224.40 225.00 225.62 226.27 226.94 227.65 228.42 229.33 230.59
