Experimentos/Mapas/kriging_ordinario_var.asc
NCOLS          450       
NROWS          450       
XLLCENTER      -8789850.00
YLLCENTER      45000.00  
DX             522.00    
DY             555.00    
NODATA_VALUE   -999.00   
[rows 210 to 244 of 450, columns 79 to 157 of 450]
17.62 17.16 16.58 15.93 15.28 14.70 14.26 14.04 14.07 14.34 14.78 15.32 15.89 16.43 16.88 17.22 17.42 17.49 17.41 17.19 16.84 16.39 15.88 15.35 14.89 14.57 14.47 14.64 15.07 15.73 16.56 17.50 18.50 19.53 20.56 21.57 22.57 23.54 24.49 25.41 26.31 27.18 28.02 28.82 29.59 30.31 30.98 31.60 32.17 32.68 33.13 33.52 33.85 34.11 34.31 34.45 34.53 34.55 34.51 34.41 34.26 34.04 33.77 33.44 33.06 32.61 32.11 31.54 30.90 30.20 29.42 28.58 27.65 26.66 25.58 24.44 23.24 21.99 20.71
17.04 16.48 15.77 14.95 14.09 13.31 12.72 12.44 12.51 12.92 13.56 14.32 15.08 15.78 16.34 16.76 17.00 17.06 16.94 16.64 16.17 15.55 14.84 14.09 13.41 12.91 12.73 12.93 13.51 14.40 15.50 16.70 17.94 19.18 20.39 21.55 22.66 23.72 24.73 25.69 26.61 27.49 28.32 29.10 29.84 30.54 31.18 31.77 32.31 32.79 33.21 33.58 33.89 34.14 34.33 34.46 34.53 34.54 34.49 34.39 34.22 34.00 33.73 33.39 32.99 32.53 32.01 31.42 30.76 30.02 29.21 28.31 27.33 26.26 25.11 23.86 22.54 21.14 19.69
16.44 15.77 14.89 13.85 12.74 11.67 10.83 10.43 10.57 11.20 12.13 13.16 14.16 15.03 15.72 16.22 16.49 16.55 16.39 16.01 15.42 14.63 13.69 12.67 11.68 10.92 10.60 10.87 11.68 12.88 14.31 15.81 17.31 18.77 20.15 21.45 22.67 23.81 24.88 25.88 26.81 27.69 28.51 29.28 29.99 30.66 31.27 31.83 32.34 32.80 33.20 33.54 33.83 34.07 34.24 34.36 34.42 34.42 34.37 34.26 34.09 33.87 33.58 33.24 32.83 32.36 31.82 31.22 30.53 29.77 28.93 27.99 26.96 25.83 24.60 23.26 21.82 20.29 18.67
15.86 15.08 14.03 12.76 11.33 9.87 8.64 8.00 8.25 9.24 10.58 11.96 13.22 14.26 15.07 15.64 15.95 16.01 15.81 15.37 14.67 13.72 12.54 11.20 9.81 8.64 8.09 8.46 9.64 11.29 13.12 14.95 16.71 18.37 19.91 21.33 22.64 23.84 24.95 25.97 26.92 27.79 28.60 29.35 30.04 30.68 31.26 31.80 32.28 32.71 33.08 33.41 33.68 33.90 34.06 34.16 34.22 34.21 34.15 34.03 33.86 33.63 33.34 32.99 32.58 32.10 31.55 30.94 30.24 29.46 28.59 27.63 26.56 25.38 24.09 22.68 21.14 19.48 17.71
15.37 14.50 13.31 11.83 10.08 8.14 6.27 5.15 5.64 7.27 9.15 10.89 12.37 13.56 14.45 15.06 15.39 15.45 15.24 14.75 13.98 12.91 11.54 9.88 8.02 6.21 5.17 5.78 7.63 9.87 12.12 14.26 16.24 18.06 19.72 21.23 22.60 23.84 24.97 26.01 26.95 27.81 28.60 29.33 29.99 30.60 31.15 31.66 32.11 32.51 32.87 33.17 33.42 33.62 33.77 33.87 33.91 33.90 33.83 33.71 33.53 33.29 33.00 32.65 32.23 31.75 31.20 30.58 29.88 29.09 28.21 27.23 26.14 24.93 23.60 22.14 20.53 18.79 16.89
15.00 14.07 12.81 11.21 9.25 6.93 4.30 1.92 3.17 5.81 8.17 10.14 11.73 12.97 13.88 14.50 14.83 14.89 14.68 14.19 13.41 12.30 10.84 9.00 6.77 4.19 1.89 3.32 6.21 8.99 11.55 13.88 16.00 17.91 19.63 21.18 22.58 23.83 24.97 25.99 26.91 27.75 28.51 29.21 29.84 30.41 30.93 31.41 31.83 32.21 32.54 32.83 33.06 33.25 33.39 33.47 33.50 33.48 33.41 33.28 33.10 32.86 32.56 32.21 31.80 31.32 30.78 30.16 29.46 28.67 27.79 26.81 25.71 24.49 23.14 21.66 20.02 18.23 16.27
14.76 13.83 12.58 10.98 9.05 6.79 4.23 1.96 3.12 5.65 7.92 9.82 11.34 12.52 13.38 13.95 14.26 14.32 14.13 13.69 12.97 11.94 10.56 8.81 6.66 4.16 1.96 3.38 6.25 9.03 11.60 13.94 16.05 17.96 19.68 21.22 22.60 23.83 24.94 25.93 26.82 27.62 28.34 28.99 29.58 30.12 30.61 31.05 31.44 31.80 32.11 32.37 32.59 32.77 32.89 32.97 32.99 32.96 32.88 32.75 32.56 32.32 32.03 31.68 31.27 30.80 30.27 29.66 28.97 28.20 27.33 26.36 25.27 24.06 22.72 21.24 19.62 17.83 15.89
14.64 13.75 12.57 11.11 9.41 7.57 5.81 4.78 5.19 6.64 8.32 9.87 11.15 12.16 12.89 13.38 13.64 13.70 13.56 13.22 12.64 11.80 10.68 9.26 7.63 6.03 5.15 5.83 7.71 9.98 12.25 14.41 16.40 18.22 19.86 21.34 22.66 23.84 24.89 25.83 26.67 27.41 28.08 28.68 29.23 29.72 30.17 30.57 30.94 31.27 31.56 31.81 32.02 32.18 32.30 32.36 32.38 32.34 32.26 32.12 31.93 31.69 31.39 31.05 30.65 30.19 29.67 29.09 28.42 27.67 26.83 25.89 24.83 23.65 22.34 20.89 19.30 17.57 15.70
14.60 13.77 12.69 11.40 9.99 8.58 7.41 6.80 6.98 7.80 8.92 10.05 11.03 11.81 12.36 12.71 12.90 12.96 12.90 12.70 12.34 11.79 11.03 10.09 9.07 8.21 7.90 8.43 9.72 11.45 13.33 15.21 17.00 18.65 20.17 21.54 22.76 23.86 24.83 25.69 26.45 27.13 27.73 28.27 28.76 29.21 29.61 29.98 30.32 30.63 30.90 31.13 31.33 31.48 31.59 31.65 31.66 31.62 31.53 31.38 31.19 30.95 30.66 30.32 29.93 29.49 29.00 28.44 27.80 27.09 26.29 25.38 24.37 23.23 21.97 20.57 19.05 17.39 15.63
14.58 13.81 12.81 11.66 10.45 9.31 8.44 7.99 8.07 8.58 9.33 10.14 10.84 11.36 11.70 11.89 11.98 12.04 12.08 12.08 12.00 11.80 11.45 10.99 10.51 10.18 10.21 10.73 11.73 13.08 14.62 16.20 17.74 19.20 20.55 21.78 22.88 23.86 24.73 25.50 26.17 26.76 27.29 27.76 28.19 28.58 28.94 29.27 29.58 29.86 30.12 30.35 30.53 30.68 30.79 30.84 30.85 30.80 30.70 30.55 30.35 30.11 29.82 29.49 29.11 28.70 28.23 27.70 27.11 26.45 25.69 24.84 23.88 22.80 21.60 20.27 18.81 17.24 15.58
14.56 13.81 12.85 11.75 10.60 9.56 8.76 8.35 8.38 8.78 9.37 9.98 10.46 10.76 10.86 10.83 10.80 10.84 11.01 11.26 11.53 11.72 11.81 11.81 11.79 11.85 12.13 12.69 13.56 14.66 15.92 17.24 18.55 19.81 20.98 22.04 23.00 23.85 24.60 25.25 25.81 26.31 26.75 27.14 27.49 27.82 28.13 28.43 28.71 28.98 29.22 29.44 29.63 29.78 29.88 29.93 29.93 29.88 29.77 29.61 29.41 29.16 28.87 28.55 28.19 27.80 27.36 26.88 26.34 25.73 25.04 24.26 23.36 22.35 21.22 19.95 18.56 17.06 15.47
14.51 13.75 12.76 11.61 10.40 9.25 8.36 7.89 7.93 8.38 8.99 9.55 9.90 9.98 9.81 9.51 9.26 9.28 9.63 10.23 10.91 11.54 12.07 12.50 12.86 13.24 13.71 14.34 15.14 16.09 17.15 18.25 19.35 20.41 21.39 22.29 23.09 23.79 24.40 24.93 25.37 25.76 26.09 26.39 26.67 26.93 27.19 27.45 27.71 27.96 28.20 28.42 28.62 28.77 28.88 28.93 28.93 28.86 28.75 28.58 28.36 28.10 27.81 27.49 27.15 26.78 26.39 25.96 25.48 24.94 24.32 23.62 22.81 21.87 20.81 19.62 18.29 16.83 15.28
14.44 13.63 12.57 11.30 9.89 8.47 7.26 6.61 6.74 7.44 8.28 8.94 9.24 9.13 8.64 7.93 7.33 7.27 7.91 9.00 10.19 11.30 12.26 13.06 13.74 14.37 15.01 15.71 16.49 17.34 18.24 19.17 20.08 20.95 21.76 22.49 23.13 23.68 24.14 24.52 24.84 25.10 25.32 25.52 25.71 25.90 26.11 26.33 26.57 26.82 27.06 27.29 27.50 27.67 27.78 27.84 27.83 27.76 27.63 27.44 27.21 26.94 26.64 26.32 25.99 25.65 25.30 24.93 24.52 24.06 23.54 22.92 22.20 21.36 20.38 19.25 17.98 16.57 15.01
14.36 13.51 12.37 10.94 9.27 7.43 5.62 4.50 4.88 6.19 7.47 8.33 8.64 8.36 7.53 6.25 4.99 4.75 5.98 7.78 9.56 11.13 12.45 13.56 14.51 15.33 16.10 16.86 17.62 18.40 19.18 19.96 20.72 21.42 22.06 22.62 23.09 23.48 23.79 24.02 24.20 24.32 24.42 24.50 24.60 24.72 24.87 25.06 25.29 25.54 25.80 26.06 26.29 26.48 26.61 26.68 26.67 26.59 26.44 26.22 25.96 25.66 25.35 25.02 24.70 24.39 24.09 23.78 23.46 23.10 22.67 22.16 21.55 20.80 19.91 18.87 17.66 16.28 14.73
14.32 13.44 12.24 10.72 8.86 6.65 4.09 1.62 2.88 5.21 6.92 7.95 8.29 7.92 6.83 5.04 2.65 1.81 4.43 7.03 9.28 11.18 12.77 14.09 15.21 16.18 17.03 17.82 18.57 19.28 19.97 20.62 21.23 21.78 22.26 22.66 22.97 23.20 23.35 23.43 23.44 23.42 23.38 23.34 23.33 23.37 23.47 23.63 23.85 24.12 24.42 24.72 24.99 25.21 25.37 25.45 25.44 25.35 25.17 24.92 24.62 24.28 23.93 23.59 23.27 22.99 22.74 22.51 22.28 22.03 21.73 21.34 20.84 20.21 19.43 18.48 17.34 16.02 14.49
14.32 13.44 12.25 10.74 8.91 6.75 4.30 2.21 3.19 5.33 6.99 8.00 8.33 7.97 6.92 5.19 3.03 2.41 4.75 7.32 9.63 11.61 13.29 14.71 15.92 16.95 17.84 18.64 19.35 20.01 20.60 21.14 21.62 22.03 22.36 22.60 22.76 22.83 22.82 22.73 22.58 22.40 22.20 22.02 21.90 21.84 21.89 22.03 22.27 22.58 22.93 23.28 23.62 23.89 24.09 24.19 24.18 24.06 23.85 23.55 23.19 22.79 22.39 22.02 21.69 21.43 21.24 21.10 20.98 20.86 20.70 20.45 20.09 19.59 18.92 18.08 17.03 15.79 14.34
14.37 13.53 12.40 11.01 9.38 7.62 5.95 4.96 5.27 6.43 7.62 8.44 8.75 8.51 7.75 6.61 5.56 5.47 6.73 8.63 10.60 12.42 14.04 15.44 16.65 17.68 18.57 19.34 20.01 20.59 21.10 21.53 21.89 22.16 22.35 22.45 22.45 22.37 22.19 21.93 21.61 21.25 20.88 20.54 20.28 20.13 20.12 20.25 20.52 20.90 21.33 21.78 22.19 22.54 22.78 22.90 22.90 22.76 22.50 22.13 21.69 21.21 20.73 20.30 19.95 19.71 19.57 19.54 19.56 19.59 19.59 19.51 19.30 18.94 18.40 17.67 16.74 15.61 14.26
14.44 13.64 12.60 11.36 10.00 8.64 7.51 6.91 7.02 7.65 8.44 9.08 9.40 9.35 8.97 8.41 8.01 8.16 9.02 10.39 11.96 13.52 14.97 16.26 17.40 18.38 19.22 19.93 20.54 21.05 21.46 21.79 22.03 22.18 22.24 22.20 22.06 21.81 21.47 21.04 20.54 19.99 19.43 18.91 18.49 18.22 18.15 18.29 18.62 19.09 19.65 20.22 20.74 21.18 21.48 21.64 21.63 21.46 21.14 20.69 20.14 19.54 18.95 18.43 18.03 17.79 17.73 17.82 18.00 18.22 18.41 18.51 18.47 18.27 17.87 17.27 16.45 15.44 14.22
14.49 13.74 12.77 11.64 10.46 9.35 8.49 8.04 8.08 8.50 9.11 9.69 10.10 10.27 10.23 10.12 10.11 10.42 11.14 12.20 13.44 14.74 15.99 17.13 18.15 19.04 19.80 20.44 20.96 21.38 21.70 21.92 22.05 22.08 22.02 21.85 21.57 21.19 20.69 20.09 19.40 18.64 17.86 17.13 16.51 16.10 15.97 16.13 16.56 17.18 17.90 18.64 19.31 19.85 20.23 20.43 20.42 20.22 19.82 19.26 18.58 17.82 17.07 16.40 15.92 15.68 15.69 15.94 16.33 16.77 17.18 17.48 17.62 17.58 17.32 16.85 16.15 15.24 14.15
14.51 13.77 12.82 11.73 10.59 9.55 8.75 8.35 8.39 8.80 9.43 10.10 10.67 11.10 11.37 11.59 11.86 12.30 12.97 13.85 14.87 15.95 17.00 17.99 18.88 19.65 20.31 20.84 21.27 21.59 21.81 21.93 21.95 21.87 21.69 21.41 21.01 20.50 19.86 19.10 18.22 17.25 16.23 15.23 14.37 13.77 13.55 13.76 14.35 15.20 16.15 17.10 17.94 18.61 19.08 19.31 19.31 19.06 18.58 17.90 17.04 16.08 15.11 14.24 13.61 13.33 13.45 13.90 14.56 15.27 15.93 16.45 16.78 16.89 16.77 16.41 15.82 15.00 14.00
14.49 13.73 12.74 11.59 10.37 9.20 8.29 7.83 7.92 8.49 9.33 10.24 11.06 11.75 12.32 12.80 13.28 13.84 14.51 15.29 16.16 17.06 17.95 18.78 19.53 20.18 20.72 21.15 21.47 21.68 21.79 21.81 21.73 21.55 21.27 20.89 20.39 19.76 19.01 18.10 17.05 15.87 14.58 13.28 12.09 11.22 10.89 11.20 12.05 13.21 14.47 15.66 16.69 17.51 18.06 18.34 18.34 18.05 17.48 16.66 15.61 14.41 13.14 11.96 11.09 10.74 11.00 11.75 12.74 13.78 14.71 15.45 15.96 16.22 16.22 15.96 15.45 14.71 13.75
14.43 13.63 12.56 11.28 9.85 8.39 7.14 6.48 6.70 7.63 8.88 10.14 11.28 12.25 13.06 13.77 14.42 15.07 15.76 16.50 17.26 18.04 18.78 19.47 20.09 20.61 21.03 21.34 21.55 21.65 21.66 21.56 21.38 21.11 20.74 20.27 19.70 19.00 18.15 17.15 15.96 14.59 13.05 11.40 9.78 8.48 7.96 8.46 9.74 11.34 12.97 14.43 15.66 16.60 17.24 17.56 17.55 17.22 16.57 15.62 14.38 12.91 11.28 9.67 8.38 7.88 8.36 9.56 11.00 12.39 13.59 14.54 15.20 15.58 15.68 15.50 15.06 14.36 13.42
14.37 13.52 12.37 10.93 9.24 7.35 5.48 4.30 4.80 6.44 8.27 9.95 11.40 12.62 13.65 14.53 15.32 16.05 16.77 17.47 18.17 18.84 19.47 20.04 20.52 20.92 21.22 21.41 21.50 21.49 21.39 21.19 20.91 20.55 20.10 19.57 18.95 18.21 17.32 16.27 15.01 13.52 11.79 9.82 7.69 5.70 4.74 5.68 7.68 9.84 11.82 13.53 14.91 15.95 16.65 16.99 16.98 16.62 15.91 14.86 13.46 11.75 9.76 7.60 5.62 4.71 5.68 7.58 9.54 11.27 12.68 13.77 14.53 14.99 15.15 15.04 14.65 13.99 13.06
14.34 13.46 12.25 10.73 8.86 6.63 4.03 1.38 2.85 5.56 7.90 9.88 11.55 12.95 14.13 15.14 16.02 16.82 17.55 18.23 18.87 19.47 20.00 20.46 20.83 21.11 21.29 21.36 21.33 21.21 20.98 20.68 20.30 19.85 19.34 18.77 18.12 17.38 16.52 15.49 14.25 12.76 10.97 8.85 6.37 3.55 1.21 3.56 6.45 9.02 11.22 13.05 14.51 15.60 16.32 16.68 16.66 16.29 15.55 14.44 12.97 11.13 8.92 6.35 3.46 1.22 3.62 6.34 8.66 10.56 12.05 13.18 13.97 14.45 14.64 14.56 14.22 13.61 12.72
14.35 13.47 12.28 10.77 8.95 6.80 4.41 2.46 3.45 5.84 8.11 10.10 11.81 13.27 14.53 15.61 16.56 17.39 18.13 18.80 19.39 19.92 20.37 20.73 21.00 21.17 21.23 21.19 21.04 20.79 20.44 20.02 19.53 19.00 18.44 17.84 17.21 16.51 15.73 14.80 13.69 12.33 10.69 8.74 6.46 4.00 2.44 4.09 6.69 9.14 11.28 13.07 14.49 15.56 16.26 16.61 16.59 16.21 15.48 14.39 12.94 11.14 9.01 6.56 3.98 2.43 4.05 6.43 8.57 10.33 11.72 12.76 13.48 13.92 14.11 14.05 13.76 13.22 12.42
14.40 13.56 12.44 11.05 9.44 7.71 6.09 5.18 5.60 7.04 8.81 10.56 12.17 13.60 14.87 15.98 16.95 17.80 18.54 19.19 19.74 20.21 20.58 20.86 21.04 21.10 21.05 20.89 20.62 20.24 19.76 19.22 18.62 17.99 17.37 16.76 16.16 15.56 14.91 14.17 13.28 12.20 10.88 9.35 7.70 6.24 5.64 6.45 8.16 10.10 11.93 13.53 14.83 15.81 16.46 16.77 16.74 16.38 15.68 14.66 13.34 11.73 9.90 7.97 6.30 5.55 6.18 7.60 9.15 10.53 11.64 12.47 13.04 13.37 13.51 13.46 13.23 12.79 12.13
14.47 13.68 12.64 11.40 10.04 8.71 7.62 7.09 7.34 8.28 9.61 11.07 12.53 13.89 15.13 16.24 17.21 18.06 18.79 19.41 19.92 20.34 20.65 20.85 20.94 20.91 20.76 20.48 20.08 19.57 18.96 18.27 17.54 16.80 16.10 15.48 14.94 14.47 14.03 13.55 12.97 12.25 11.36 10.35 9.34 8.57 8.38 8.93 10.09 11.53 13.00 14.33 15.45 16.30 16.86 17.12 17.08 16.74 16.10 15.19 14.03 12.68 11.21 9.78 8.66 8.14 8.35 9.10 10.04 10.93 11.67 12.20 12.55 12.73 12.78 12.73 12.57 12.26 11.78
14.54 13.78 12.80 11.67 10.48 9.38 8.55 8.17 8.36 9.07 10.16 11.44 12.78 14.08 15.28 16.37 17.34 18.17 18.88 19.47 19.95 20.32 20.57 20.70 20.71 20.60 20.35 19.96 19.45 18.80 18.04 17.19 16.30 15.42 14.62 13.96 13.49 13.20 13.02 12.87 12.67 12.36 11.94 11.43 10.95 10.65 10.70 11.18 12.04 13.12 14.26 15.34 16.25 16.96 17.42 17.62 17.56 17.24 16.67 15.87 14.89 13.77 12.61 11.53 10.69 10.23 10.20 10.49 10.93 11.36 11.69 11.88 11.93 11.91 11.85 11.79 11.72 11.57 11.30
14.57 13.82 12.85 11.74 10.59 9.53 8.75 8.41 8.58 9.25 10.28 11.52 12.83 14.11 15.30 16.38 17.33 18.14 18.83 19.39 19.83 20.15 20.35 20.43 20.37 20.18 19.85 19.37 18.74 17.96 17.04 16.01 14.92 13.84 12.89 12.17 11.77 11.69 11.84 12.09 12.32 12.46 12.49 12.44 12.38 12.42 12.66 13.14 13.84 14.69 15.58 16.43 17.15 17.71 18.07 18.20 18.12 17.81 17.29 16.60 15.76 14.83 13.90 13.03 12.34 11.88 11.66 11.62 11.67 11.69 11.61 11.41 11.12 10.83 10.62 10.55 10.61 10.68 10.64
14.57 13.79 12.78 11.60 10.34 9.15 8.23 7.81 8.01 8.79 9.96 11.30 12.67 13.98 15.18 16.26 17.19 17.98 18.64 19.17 19.57 19.85 20.00 20.02 19.91 19.66 19.26 18.70 17.98 17.08 16.02 14.80 13.47 12.13 10.92 10.05 9.70 9.91 10.49 11.22 11.92 12.51 12.97 13.32 13.61 13.92 14.31 14.82 15.44 16.14 16.85 17.51 18.08 18.50 18.75 18.82 18.70 18.39 17.91 17.29 16.56 15.77 14.97 14.23 13.60 13.11 12.75 12.47 12.19 11.85 11.38 10.78 10.08 9.43 9.01 8.95 9.21 9.57 9.82
14.56 13.74 12.64 11.31 9.82 8.31 7.02 6.37 6.67 7.78 9.27 10.84 12.35 13.73 14.95 16.01 16.92 17.68 18.31 18.80 19.16 19.40 19.52 19.50 19.35 19.06 18.61 18.00 17.21 16.22 15.03 13.64 12.06 10.38 8.77 7.58 7.26 7.89 9.05 10.35 11.55 12.58 13.42 14.10 14.67 15.20 15.72 16.27 16.85 17.45 18.02 18.55 18.97 19.27 19.43 19.42 19.25 18.92 18.46 17.88 17.21 16.51 15.79 15.12 14.51 13.98 13.50 13.04 12.52 11.88 11.06 10.05 8.88 7.72 6.95 6.91 7.53 8.34 8.93
14.60 13.72 12.53 11.04 9.27 7.30 5.33 4.10 4.67 6.47 8.46 10.33 11.98 13.41 14.63 15.67 16.53 17.25 17.83 18.29 18.62 18.82 18.90 18.86 18.68 18.36 17.89 17.26 16.44 15.42 14.17 12.65 10.87 8.85 6.68 4.83 4.43 5.81 7.77 9.67 11.33 12.72 13.88 14.82 15.62 16.30 16.93 17.51 18.07 18.60 19.08 19.49 19.80 19.99 20.05 19.97 19.74 19.38 18.90 18.33 17.69 17.02 16.34 15.69 15.08 14.51 13.96 13.37 12.69 11.84 10.75 9.38 7.72 5.88 4.40 4.44 5.79 7.20 8.17
14.71 13.82 12.59 11.00 9.04 6.72 4.00 1.14 2.77 5.57 7.97 10.00 11.69 13.10 14.27 15.23 16.03 16.69 17.22 17.63 17.92 18.10 18.15 18.08 17.89 17.57 17.11 16.49 15.70 14.71 13.48 11.96 10.13 7.93 5.35 2.41 1.49 4.44 7.14 9.46 11.42 13.06 14.42 15.55 16.49 17.29 17.99 18.60 19.14 19.62 20.02 20.33 20.54 20.63 20.60 20.43 20.14 19.72 19.21 18.61 17.96 17.28 16.60 15.95 15.33 14.74 14.15 13.51 12.75 11.80 10.59 9.03 7.05 4.62 1.77 2.03 4.64 6.57 7.77
14.94 14.09 12.89 11.33 9.42 7.18 4.72 2.80 3.68 5.97 8.15 10.02 11.57 12.84 13.87 14.72 15.41 15.98 16.44 16.81 17.07 17.22 17.26 17.18 16.98 16.66 16.23 15.68 14.98 14.09 12.99 11.62 9.95 7.96 5.67 3.41 2.96 5.11 7.62 9.92 11.93 13.65 15.10 16.32 17.34 18.20 18.93 19.55 20.07 20.50 20.83 21.06 21.18 21.18 21.06 20.80 20.43 19.94 19.36 18.70 18.00 17.28 16.57 15.90 15.27 14.67 14.09 13.46 12.73 11.82 10.65 9.16 7.30 5.11 3.03 3.15 5.08 6.80 7.91
15.31 14.54 13.45 12.06 10.40 8.59 6.88 5.88 6.16 7.42 8.95 10.39 11.61 12.62 13.43 14.09 14.64 15.10 15.50 15.82 16.06 16.20 16.22 16.12 15.92 15.63 15.25 14.79 14.22 13.52 12.65 11.57 10.26 8.76 7.22 6.07 6.00 7.21 9.05 11.01 12.84 14.49 15.92 17.14 18.18 19.06 19.80 20.40 20.89 21.27 21.54 21.70 21.73 21.64 21.42 21.08 20.61 20.03 19.36 18.61 17.82 17.03 16.25 15.53 14.88 14.30 13.77 13.23 12.62 11.86 10.90 9.70 8.28 6.82 5.77 5.76 6.67 7.75 8.53
