Experimentos/Mapas/kriging_ordinario.asc
NCOLS          450       
NROWS          450       
XLLCENTER      -8789850.00
YLLCENTER      45000.00  
DX             522.00    
DY             555.00    
NODATA_VALUE   -999.00   
[rows 64 to 95 of 450, columns 355 to 425 of 450]
223.89 224.08 224.26 224.44 224.62 224.79 224.96 225.12 225.28 225.44 225.59 225.73 225.88 226.02 226.15 226.28 226.41 226.53 226.65 226.77 226.89 227.00 227.10 227.20 227.30 227.40 227.49 227.58 227.67 227.76 227.84 227.91 227.99 228.06 228.13 228.19 228.25 228.31 228.37 228.43 228.48 228.53 228.58 228.62 228.66 228.70 228.74 228.77 228.80 228.83 228.85 228.87 228.89 228.92 228.94 228.96 228.99 229.01 229.04 229.06 229.08 229.09 229.10 229.11 229.12 229.12 229.12 229.12 229.11 229.10 229.09
224.05 224.23 224.42 224.60 224.78 224.95 225.12 225.29 225.45 225.61 225.76 225.91 226.06 226.20 226.33 226.46 226.59 226.72 226.84 226.96 227.07 227.18 227.29 227.39 227.49 227.58 227.67 227.76 227.85 227.93 228.01 228.09 228.16 228.23 228.30 228.36 228.42 228.48 228.54 228.59 228.64 228.69 228.74 228.78 228.82 228.86 228.90 228.93 228.96 228.98 229.00 229.02 229.04 229.05 229.07 229.09 229.11 229.13 229.16 229.18 229.20 229.21 229.22 229.23 229.24 229.24 229.24 229.24 229.23 229.22 229.21
224.20 224.39 224.58 224.76 224.94 225.12 225.29 225.46 225.62 225.78 225.94 226.09 226.24 226.38 226.51 226.65 226.78 226.90 227.02 227.14 227.25 227.36 227.47 227.57 227.67 227.77 227.86 227.94 228.03 228.11 228.19 228.26 228.33 228.40 228.47 228.53 228.59 228.65 228.70 228.76 228.81 228.86 228.90 228.94 228.98 229.02 229.06 229.09 229.12 229.14 229.16 229.17 229.18 229.20 229.21 229.23 229.24 229.26 229.28 229.30 229.31 229.33 229.34 229.35 229.36 229.36 229.36 229.35 229.35 229.34 229.33
224.36 224.55 224.74 224.93 225.11 225.29 225.46 225.63 225.80 225.96 226.12 226.27 226.42 226.56 226.70 226.83 226.96 227.09 227.21 227.33 227.44 227.55 227.66 227.76 227.86 227.95 228.04 228.13 228.21 228.29 228.37 228.44 228.51 228.58 228.64 228.70 228.76 228.82 228.87 228.92 228.97 229.02 229.06 229.11 229.15 229.18 229.22 229.25 229.27 229.29 229.31 229.33 229.34 229.34 229.35 229.36 229.37 229.39 229.40 229.41 229.43 229.44 229.46 229.46 229.47 229.47 229.47 229.47 229.46 229.45 229.44
224.52 224.71 224.90 225.09 225.28 225.46 225.63 225.80 225.97 226.13 226.29 226.45 226.60 226.74 226.88 227.02 227.15 227.28 227.40 227.52 227.63 227.74 227.85 227.95 228.04 228.14 228.23 228.31 228.40 228.48 228.55 228.62 228.69 228.76 228.82 228.88 228.93 228.99 229.04 229.09 229.14 229.18 229.23 229.27 229.31 229.34 229.38 229.41 229.43 229.45 229.47 229.48 229.49 229.50 229.50 229.51 229.51 229.52 229.53 229.54 229.55 229.56 229.57 229.58 229.58 229.58 229.58 229.58 229.57 229.56 229.55
224.68 224.87 225.07 225.26 225.44 225.62 225.80 225.98 226.14 226.31 226.47 226.63 226.78 226.92 227.07 227.20 227.34 227.46 227.59 227.70 227.82 227.93 228.03 228.14 228.23 228.33 228.42 228.50 228.58 228.66 228.74 228.81 228.87 228.94 229.00 229.05 229.11 229.16 229.21 229.26 229.31 229.35 229.39 229.43 229.47 229.50 229.54 229.57 229.59 229.61 229.63 229.64 229.65 229.65 229.65 229.65 229.66 229.66 229.66 229.67 229.67 229.68 229.69 229.69 229.69 229.69 229.69 229.69 229.68 229.67 229.66
224.84 225.04 225.23 225.42 225.61 225.80 225.98 226.15 226.32 226.49 226.65 226.81 226.96 227.11 227.25 227.39 227.52 227.65 227.78 227.89 228.01 228.12 228.23 228.33 228.42 228.52 228.60 228.69 228.77 228.85 228.92 228.99 229.06 229.12 229.18 229.23 229.28 229.33 229.38 229.43 229.47 229.51 229.56 229.59 229.63 229.66 229.69 229.72 229.75 229.77 229.78 229.79 229.80 229.80 229.81 229.81 229.80 229.80 229.80 229.80 229.80 229.80 229.81 229.81 229.81 229.80 229.80 229.80 229.79 229.78 229.76
225.00 225.20 225.40 225.59 225.78 225.97 226.15 226.33 226.50 226.67 226.83 226.99 227.14 227.29 227.44 227.58 227.71 227.84 227.97 228.08 228.20 228.31 228.42 228.52 228.61 228.71 228.79 228.88 228.96 229.04 229.11 229.18 229.24 229.30 229.36 229.41 229.46 229.51 229.56 229.60 229.64 229.68 229.72 229.75 229.79 229.82 229.85 229.88 229.90 229.92 229.94 229.95 229.96 229.96 229.96 229.96 229.95 229.95 229.94 229.94 229.93 229.93 229.93 229.93 229.92 229.92 229.91 229.90 229.89 229.88 229.87
225.16 225.37 225.57 225.77 225.96 226.14 226.33 226.51 226.68 226.85 227.01 227.17 227.33 227.48 227.62 227.76 227.90 228.03 228.15 228.28 228.39 228.50 228.61 228.71 228.81 228.90 228.99 229.07 229.15 229.22 229.30 229.36 229.43 229.49 229.54 229.60 229.64 229.69 229.73 229.77 229.81 229.85 229.88 229.91 229.95 229.98 230.01 230.04 230.06 230.08 230.09 230.10 230.11 230.11 230.11 230.11 230.10 230.09 230.09 230.08 230.07 230.06 230.06 230.05 230.04 230.03 230.02 230.01 230.00 229.99 229.97
225.33 225.54 225.74 225.94 226.13 226.32 226.51 226.69 226.86 227.03 227.20 227.36 227.52 227.67 227.81 227.95 228.09 228.22 228.35 228.47 228.58 228.69 228.80 228.90 229.00 229.09 229.18 229.26 229.34 229.41 229.48 229.55 229.61 229.67 229.73 229.78 229.82 229.87 229.91 229.95 229.98 230.01 230.05 230.08 230.11 230.13 230.16 230.19 230.21 230.23 230.24 230.25 230.26 230.26 230.26 230.25 230.25 230.24 230.23 230.22 230.21 230.20 230.19 230.18 230.17 230.15 230.14 230.12 230.11 230.09 230.08
225.50 225.71 225.91 226.11 226.31 226.50 226.69 226.87 227.05 227.22 227.39 227.55 227.70 227.86 228.00 228.14 228.28 228.41 228.54 228.66 228.78 228.89 228.99 229.10 229.19 229.28 229.37 229.45 229.53 229.60 229.67 229.73 229.80 229.85 229.91 229.96 230.00 230.05 230.08 230.12 230.15 230.18 230.21 230.24 230.27 230.29 230.32 230.34 230.36 230.38 230.39 230.40 230.41 230.41 230.41 230.40 230.39 230.38 230.37 230.36 230.35 230.33 230.32 230.31 230.29 230.27 230.26 230.24 230.22 230.20 230.18
225.66 225.87 226.08 226.29 226.48 226.68 226.87 227.05 227.23 227.41 227.57 227.74 227.90 228.05 228.19 228.34 228.47 228.61 228.73 228.85 228.97 229.08 229.19 229.29 229.39 229.48 229.56 229.64 229.72 229.79 229.86 229.92 229.98 230.04 230.09 230.14 230.18 230.22 230.26 230.30 230.33 230.36 230.38 230.41 230.43 230.45 230.47 230.49 230.51 230.52 230.53 230.54 230.55 230.55 230.55 230.54 230.54 230.52 230.51 230.50 230.48 230.47 230.45 230.44 230.42 230.40 230.38 230.35 230.33 230.31 230.28
225.83 226.04 226.26 226.46 226.66 226.86 227.05 227.24 227.42 227.59 227.76 227.93 228.09 228.24 228.39 228.53 228.67 228.80 228.93 229.05 229.16 229.28 229.38 229.48 229.58 229.67 229.76 229.84 229.91 229.98 230.05 230.11 230.17 230.23 230.28 230.32 230.37 230.40 230.44 230.47 230.50 230.53 230.55 230.57 230.59 230.61 230.63 230.64 230.66 230.67 230.68 230.68 230.69 230.69 230.69 230.68 230.68 230.66 230.65 230.64 230.62 230.60 230.59 230.57 230.55 230.53 230.50 230.47 230.45 230.42 230.39
226.00 226.21 226.43 226.64 226.84 227.04 227.23 227.42 227.60 227.78 227.95 228.12 228.28 228.43 228.58 228.72 228.86 228.99 229.12 229.24 229.36 229.47 229.58 229.68 229.77 229.87 229.95 230.03 230.11 230.18 230.24 230.30 230.36 230.41 230.46 230.51 230.55 230.59 230.62 230.65 230.68 230.70 230.72 230.74 230.76 230.77 230.78 230.80 230.81 230.81 230.82 230.82 230.83 230.83 230.82 230.82 230.81 230.80 230.79 230.77 230.75 230.74 230.72 230.70 230.67 230.65 230.62 230.60 230.57 230.53 230.50
226.17 226.39 226.61 226.82 227.02 227.22 227.42 227.61 227.79 227.97 228.14 228.31 228.47 228.63 228.78 228.92 229.06 229.19 229.32 229.44 229.55 229.66 229.77 229.87 229.97 230.06 230.14 230.22 230.30 230.37 230.43 230.49 230.55 230.60 230.65 230.69 230.73 230.77 230.80 230.83 230.85 230.88 230.90 230.91 230.93 230.94 230.95 230.96 230.96 230.97 230.97 230.97 230.97 230.96 230.96 230.95 230.94 230.93 230.92 230.90 230.88 230.86 230.84 230.82 230.80 230.78 230.75 230.72 230.68 230.65 230.61
226.34 226.56 226.78 227.00 227.21 227.41 227.61 227.80 227.98 228.16 228.34 228.50 228.67 228.82 228.97 229.12 229.26 229.39 229.51 229.64 229.75 229.86 229.97 230.07 230.16 230.25 230.34 230.42 230.49 230.56 230.62 230.68 230.74 230.79 230.83 230.88 230.91 230.95 230.98 231.01 231.03 231.05 231.07 231.08 231.10 231.11 231.11 231.12 231.12 231.12 231.12 231.12 231.11 231.10 231.09 231.08 231.07 231.06 231.04 231.03 231.01 230.99 230.97 230.95 230.92 230.90 230.87 230.84 230.80 230.77 230.73
226.51 226.74 226.96 227.18 227.39 227.60 227.80 227.99 228.18 228.36 228.53 228.70 228.87 229.02 229.17 229.32 229.46 229.59 229.71 229.83 229.95 230.06 230.16 230.26 230.35 230.44 230.53 230.61 230.68 230.75 230.81 230.87 230.92 230.97 231.02 231.06 231.10 231.13 231.16 231.18 231.20 231.22 231.24 231.25 231.26 231.27 231.28 231.28 231.28 231.28 231.27 231.27 231.26 231.24 231.23 231.22 231.20 231.19 231.17 231.15 231.13 231.11 231.09 231.07 231.04 231.02 230.99 230.95 230.92 230.88 230.84
226.69 226.92 227.15 227.37 227.58 227.79 227.99 228.19 228.38 228.56 228.73 228.90 229.07 229.22 229.37 229.52 229.66 229.79 229.92 230.04 230.15 230.26 230.36 230.46 230.55 230.64 230.72 230.80 230.87 230.94 231.00 231.06 231.11 231.16 231.20 231.24 231.28 231.31 231.33 231.36 231.38 231.40 231.41 231.42 231.43 231.44 231.44 231.44 231.44 231.44 231.43 231.42 231.40 231.39 231.37 231.35 231.33 231.32 231.30 231.28 231.26 231.24 231.21 231.19 231.16 231.14 231.10 231.07 231.03 230.99 230.95
226.86 227.10 227.33 227.55 227.77 227.98 228.19 228.38 228.58 228.76 228.94 229.11 229.27 229.43 229.58 229.72 229.86 229.99 230.12 230.24 230.35 230.46 230.56 230.66 230.75 230.83 230.91 230.99 231.06 231.12 231.19 231.24 231.29 231.34 231.38 231.42 231.45 231.48 231.51 231.53 231.55 231.56 231.58 231.59 231.59 231.60 231.60 231.60 231.60 231.59 231.58 231.57 231.55 231.53 231.51 231.49 231.47 231.45 231.42 231.40 231.38 231.35 231.33 231.31 231.28 231.25 231.22 231.19 231.15 231.11 231.06
227.05 227.29 227.52 227.75 227.97 228.18 228.39 228.59 228.78 228.96 229.14 229.31 229.48 229.63 229.79 229.93 230.07 230.20 230.33 230.44 230.56 230.66 230.76 230.86 230.95 231.03 231.11 231.18 231.25 231.31 231.37 231.43 231.48 231.52 231.56 231.60 231.63 231.66 231.68 231.70 231.72 231.73 231.74 231.75 231.76 231.76 231.76 231.76 231.75 231.74 231.73 231.72 231.70 231.68 231.65 231.63 231.60 231.58 231.55 231.52 231.50 231.47 231.45 231.42 231.40 231.37 231.34 231.30 231.26 231.22 231.18
227.23 227.47 227.71 227.94 228.16 228.38 228.59 228.79 228.99 229.17 229.35 229.52 229.69 229.84 230.00 230.14 230.28 230.41 230.53 230.65 230.76 230.87 230.97 231.06 231.15 231.23 231.30 231.38 231.44 231.50 231.56 231.61 231.66 231.70 231.74 231.78 231.81 231.83 231.86 231.88 231.89 231.90 231.91 231.91 231.92 231.92 231.92 231.91 231.90 231.89 231.88 231.86 231.84 231.82 231.79 231.77 231.74 231.71 231.68 231.65 231.62 231.59 231.56 231.53 231.51 231.48 231.45 231.42 231.38 231.33 231.29
227.42 227.66 227.90 228.14 228.36 228.58 228.80 229.00 229.19 229.38 229.56 229.74 229.90 230.06 230.21 230.35 230.49 230.62 230.75 230.86 230.97 231.08 231.17 231.27 231.35 231.43 231.50 231.57 231.64 231.70 231.75 231.80 231.84 231.89 231.92 231.95 231.98 232.01 232.03 232.04 232.06 232.07 232.07 232.08 232.08 232.07 232.07 232.06 232.06 232.04 232.03 232.01 231.99 231.96 231.93 231.90 231.87 231.84 231.81 231.77 231.74 231.71 231.68 231.64 231.61 231.58 231.55 231.52 231.48 231.44 231.40
227.60 227.86 228.10 228.34 228.57 228.79 229.00 229.21 229.41 229.60 229.78 229.95 230.12 230.28 230.43 230.57 230.71 230.84 230.96 231.08 231.19 231.29 231.38 231.47 231.56 231.63 231.70 231.77 231.83 231.89 231.94 231.99 232.03 232.07 232.10 232.13 232.16 232.18 232.20 232.21 232.22 232.23 232.24 232.24 232.23 232.23 232.22 232.21 232.20 232.19 232.17 232.15 232.13 232.10 232.07 232.04 232.00 231.97 231.93 231.90 231.86 231.82 231.79 231.75 231.72 231.69 231.66 231.62 231.59 231.55 231.50
227.80 228.05 228.30 228.54 228.78 229.00 229.22 229.43 229.63 229.82 230.00 230.17 230.34 230.50 230.65 230.79 230.93 231.06 231.18 231.29 231.40 231.50 231.59 231.68 231.76 231.84 231.91 231.97 232.03 232.08 232.13 232.18 232.22 232.25 232.28 232.31 232.33 232.35 232.37 232.38 232.39 232.40 232.40 232.40 232.39 232.38 232.37 232.36 232.35 232.33 232.31 232.29 232.27 232.24 232.21 232.17 232.13 232.10 232.06 232.02 231.98 231.94 231.90 231.86 231.83 231.79 231.76 231.72 231.68 231.64 231.60
227.99 228.25 228.51 228.75 228.99 229.21 229.43 229.64 229.85 230.04 230.22 230.40 230.56 230.72 230.87 231.01 231.15 231.28 231.40 231.51 231.62 231.72 231.81 231.89 231.97 232.05 232.11 232.17 232.23 232.28 232.33 232.37 232.40 232.44 232.46 232.49 232.51 232.53 232.54 232.55 232.56 232.56 232.56 232.55 232.55 232.54 232.53 232.51 232.50 232.48 232.46 232.43 232.40 232.37 232.34 232.30 232.26 232.22 232.18 232.14 232.10 232.06 232.01 231.97 231.93 231.90 231.86 231.82 231.78 231.74 231.69
228.19 228.46 228.71 228.96 229.20 229.43 229.65 229.87 230.07 230.26 230.45 230.62 230.79 230.95 231.10 231.24 231.37 231.50 231.62 231.73 231.83 231.93 232.02 232.11 232.18 232.25 232.32 232.38 232.43 232.48 232.52 232.56 232.59 232.62 232.65 232.67 232.68 232.70 232.71 232.72 232.72 232.72 232.72 232.71 232.70 232.69 232.68 232.66 232.64 232.62 232.60 232.57 232.54 232.50 232.47 232.43 232.39 232.35 232.30 232.26 232.21 232.17 232.13 232.08 232.04 232.00 231.96 231.92 231.87 231.83 231.79
228.40 228.66 228.92 229.18 229.42 229.65 229.88 230.09 230.30 230.49 230.68 230.85 231.02 231.18 231.33 231.47 231.60 231.72 231.84 231.95 232.05 232.15 232.24 232.32 232.39 232.46 232.52 232.58 232.63 232.67 232.71 232.75 232.78 232.81 232.83 232.84 232.86 232.87 232.88 232.88 232.88 232.88 232.88 232.87 232.86 232.84 232.83 232.81 232.79 232.76 232.74 232.71 232.67 232.64 232.60 232.56 232.51 232.47 232.42 232.38 232.33 232.28 232.23 232.19 232.14 232.10 232.05 232.01 231.97 231.92 231.88
228.60 228.87 229.14 229.39 229.64 229.87 230.10 230.32 230.53 230.72 230.91 231.09 231.25 231.41 231.56 231.70 231.83 231.95 232.07 232.17 232.27 232.37 232.45 232.53 232.60 232.67 232.73 232.78 232.83 232.87 232.91 232.94 232.97 232.99 233.01 233.02 233.03 233.04 233.04 233.04 233.04 233.04 233.03 233.02 233.01 232.99 232.97 232.95 232.93 232.90 232.87 232.84 232.80 232.77 232.73 232.68 232.64 232.59 232.54 232.49 232.44 232.39 232.34 232.29 232.24 232.20 232.15 232.11 232.06 232.01 231.96
228.81 229.09 229.35 229.61 229.86 230.10 230.33 230.55 230.76 230.96 231.14 231.32 231.49 231.64 231.79 231.93 232.06 232.18 232.29 232.40 232.50 232.59 232.67 232.74 232.81 232.88 232.93 232.98 233.03 233.07 233.10 233.13 233.15 233.17 233.19 233.20 233.20 233.21 233.21 233.21 233.20 233.19 233.18 233.17 233.15 233.13 233.11 233.09 233.06 233.04 233.01 232.97 232.93 232.89 232.85 232.81 232.76 232.71 232.66 232.61 232.55 232.50 232.45 232.40 232.34 232.29 232.24 232.20 232.15 232.10 232.05
229.02 229.30 229.57 229.84 230.09 230.33 230.56 230.78 230.99 231.19 231.38 231.56 231.72 231.88 232.03 232.16 232.29 232.41 232.52 232.62 232.72 232.80 232.89 232.96 233.02 233.08 233.14 233.18 233.22 233.26 233.29 233.32 233.34 233.35 233.36 233.37 233.37 233.37 233.37 233.36 233.36 233.35 233.33 233.32 233.30 233.28 233.25 233.23 233.20 233.17 233.14 233.10 233.06 233.02 232.97 232.93 232.88 232.82 232.77 232.72 232.66 232.61 232.55 232.50 232.44 232.39 232.34 232.29 232.24 232.19 232.13
229.23 229.52 229.80 230.06 230.32 230.56 230.80 231.02 231.23 231.43 231.62 231.80 231.96 232.12 232.26 232.40 232.52 232.64 232.75 232.85 232.94 233.02 233.10 233.17 233.23 233.29 233.34 233.38 233.42 233.45 233.48 233.50 233.52 233.53 233.54 233.54 233.54 233.54 233.53 233.52 233.51 233.50 233.48 233.46 233.44 233.41 233.39 233.36 233.33 233.30 233.26 233.23 233.18 233.14 233.09 233.04 232.99 232.94 232.88 232.82 232.77 232.71 232.65 232.59 232.54 232.48 232.43 232.37 232.32 232.27 232.22
229.45 229.74 230.03 230.29 230.55 230.80 231.03 231.26 231.47 231.67 231.86 232.04 232.20 232.36 232.50 232.64 232.76 232.87 232.98 233.07 233.16 233.24 233.32 233.38 233.44 233.50 233.54 233.58 233.62 233.65 233.67 233.69 233.70 233.71 233.71 233.71 233.71 233.70 233.69 233.68 233.66 233.64 233.62 233.60 233.58 233.55 233.52 233.49 233.46 233.42 233.39 233.35 233.30 233.26 233.21 233.16 233.10 233.05 232.99 232.93 232.87 232.81 232.75 232.69 232.63 232.57 232.52 232.46 232.41 232.35 232.30
