Experimentos/Mapas/kriging_ordinario.asc
NCOLS          450       
NROWS          450       
XLLCENTER      -8789850.00
YLLCENTER      45000.00  
DX             522.00    
DY             555.00    
NODATA_VALUE   -999.00   
[rows 320 to 351 of 450, columns 355 to 425 of 450]
239.09 239.32 239.45 239.52 239.54 239.51 239.44 239.34 239.21 239.05 238.86 238.64 238.40 238.12 237.82 237.48 237.11 236.70 236.24 235.73 235.18 234.60 234.01 233.40 232.80 232.22 231.69 231.21 230.82 230.55 230.40 230.34 230.35 230.41 230.50 230.60 230.71 230.81 230.91 230.99 231.05 231.10 231.12 231.13 231.11 231.08 231.02 230.96 230.87 230.78 230.68 230.57 230.46 230.34 230.22 230.10 229.98 229.85 229.73 229.61 229.48 229.36 229.24 229.11 228.99 228.87 228.76 228.64 228.52 228.41 228.29
239.27 239.47 239.58 239.63 239.63 239.59 239.52 239.42 239.30 239.15 238.97 238.77 238.53 238.27 237.98 237.65 237.29 236.88 236.41 235.89 235.30 234.68 234.04 233.38 232.73 232.10 231.49 230.95 230.52 230.24 230.12 230.12 230.19 230.30 230.43 230.57 230.71 230.84 230.95 231.05 231.12 231.16 231.18 231.17 231.15 231.10 231.03 230.94 230.85 230.74 230.62 230.49 230.37 230.23 230.10 229.96 229.83 229.69 229.56 229.42 229.29 229.16 229.02 228.89 228.77 228.64 228.51 228.39 228.27 228.15 228.03
239.47 239.62 239.68 239.70 239.69 239.65 239.58 239.49 239.38 239.24 239.07 238.88 238.66 238.42 238.14 237.82 237.47 237.08 236.62 236.07 235.45 234.78 234.09 233.39 232.69 231.99 231.32 230.70 230.18 229.88 229.84 229.92 230.06 230.23 230.41 230.58 230.75 230.90 231.03 231.13 231.21 231.25 231.26 231.24 231.20 231.13 231.04 230.94 230.82 230.69 230.56 230.42 230.27 230.12 229.97 229.82 229.67 229.53 229.38 229.23 229.09 228.95 228.81 228.67 228.53 228.40 228.27 228.14 228.01 227.88 227.76
239.64 239.69 239.72 239.72 239.70 239.67 239.61 239.53 239.43 239.31 239.16 238.99 238.78 238.55 238.29 237.99 237.65 237.28 236.85 236.27 235.59 234.89 234.16 233.42 232.68 231.94 231.21 230.51 229.85 229.52 229.63 229.80 230.00 230.21 230.42 230.63 230.83 231.00 231.15 231.25 231.33 231.36 231.36 231.32 231.26 231.17 231.06 230.94 230.80 230.65 230.50 230.34 230.17 230.01 229.84 229.68 229.52 229.35 229.20 229.04 228.88 228.73 228.58 228.44 228.29 228.15 228.01 227.88 227.74 227.61 227.49
239.50 239.60 239.65 239.67 239.67 239.65 239.61 239.55 239.47 239.36 239.23 239.08 238.90 238.68 238.44 238.15 237.82 237.44 236.99 236.41 235.73 235.00 234.25 233.48 232.71 231.95 231.21 230.51 229.89 229.57 229.64 229.81 230.02 230.25 230.50 230.74 230.96 231.15 231.30 231.41 231.48 231.50 231.48 231.43 231.34 231.23 231.09 230.94 230.78 230.61 230.43 230.25 230.07 229.89 229.71 229.53 229.35 229.18 229.00 228.84 228.67 228.51 228.35 228.20 228.04 227.90 227.75 227.61 227.47 227.34 227.21
239.18 239.37 239.48 239.55 239.58 239.58 239.57 239.53 239.47 239.39 239.29 239.16 239.00 238.81 238.57 238.30 237.97 237.58 237.10 236.53 235.86 235.13 234.36 233.57 232.79 232.02 231.29 230.64 230.13 229.84 229.80 229.91 230.11 230.36 230.62 230.88 231.13 231.34 231.50 231.61 231.67 231.67 231.63 231.55 231.43 231.29 231.12 230.94 230.76 230.56 230.36 230.16 229.96 229.76 229.56 229.37 229.17 228.99 228.80 228.62 228.45 228.28 228.11 227.95 227.79 227.64 227.48 227.34 227.19 227.05 226.92
238.84 239.09 239.26 239.37 239.44 239.48 239.50 239.49 239.46 239.40 239.32 239.22 239.09 238.92 238.71 238.45 238.13 237.74 237.26 236.68 236.01 235.28 234.49 233.69 232.89 232.12 231.40 230.79 230.33 230.05 229.98 230.06 230.25 230.50 230.79 231.08 231.35 231.58 231.75 231.85 231.89 231.87 231.80 231.68 231.53 231.35 231.15 230.94 230.73 230.50 230.28 230.06 229.84 229.62 229.40 229.19 228.99 228.79 228.59 228.40 228.22 228.04 227.86 227.69 227.53 227.36 227.21 227.06 226.91 226.76 226.62
238.52 238.80 239.01 239.17 239.27 239.35 239.39 239.41 239.41 239.39 239.34 239.26 239.16 239.02 238.84 238.61 238.31 237.93 237.45 236.87 236.20 235.45 234.65 233.83 233.01 232.22 231.51 230.90 230.46 230.19 230.11 230.19 230.39 230.67 230.99 231.31 231.61 231.86 232.04 232.14 232.15 232.10 231.98 231.82 231.62 231.41 231.17 230.93 230.68 230.44 230.19 229.94 229.70 229.46 229.23 229.01 228.79 228.58 228.37 228.17 227.97 227.78 227.60 227.42 227.25 227.08 226.92 226.77 226.61 226.46 226.32
238.21 238.52 238.75 238.94 239.08 239.19 239.26 239.32 239.34 239.35 239.33 239.29 239.22 239.12 238.97 238.78 238.51 238.16 237.70 237.12 236.44 235.66 234.83 233.97 233.12 232.31 231.57 230.95 230.50 230.24 230.17 230.28 230.52 230.84 231.20 231.58 231.92 232.20 232.38 232.47 232.45 232.34 232.17 231.96 231.71 231.45 231.18 230.90 230.63 230.35 230.08 229.81 229.55 229.30 229.05 228.81 228.58 228.35 228.13 227.92 227.72 227.52 227.33 227.15 226.97 226.79 226.63 226.47 226.31 226.16 226.01
237.92 238.24 238.49 238.71 238.87 239.01 239.11 239.19 239.25 239.28 239.29 239.29 239.25 239.19 239.09 238.95 238.73 238.43 238.00 237.42 236.71 235.90 235.03 234.13 233.24 232.38 231.59 230.93 230.45 230.19 230.16 230.32 230.62 231.00 231.43 231.86 232.26 232.58 232.78 232.84 232.77 232.59 232.36 232.08 231.78 231.47 231.16 230.85 230.54 230.24 229.94 229.66 229.38 229.11 228.84 228.59 228.35 228.11 227.88 227.66 227.45 227.24 227.05 226.86 226.67 226.49 226.32 226.16 226.00 225.84 225.69
237.65 237.97 238.24 238.47 238.66 238.81 238.94 239.05 239.13 239.19 239.23 239.25 239.26 239.23 239.19 239.10 238.96 238.72 238.34 237.77 237.02 236.15 235.23 234.29 233.35 232.44 231.59 230.85 230.30 230.03 230.07 230.32 230.70 231.16 231.65 232.15 232.62 233.00 233.23 233.25 233.09 232.83 232.51 232.16 231.81 231.46 231.11 230.77 230.43 230.10 229.79 229.48 229.18 228.90 228.62 228.35 228.10 227.85 227.61 227.38 227.16 226.95 226.75 226.55 226.36 226.18 226.01 225.84 225.67 225.51 225.36
237.38 237.70 237.98 238.22 238.43 238.60 238.75 238.88 238.98 239.07 239.13 239.18 239.22 239.24 239.23 239.21 239.15 239.02 238.74 238.15 237.32 236.39 235.42 234.45 233.47 232.52 231.59 230.74 230.05 229.77 229.93 230.32 230.79 231.31 231.85 232.41 232.95 233.44 233.74 233.68 233.38 233.00 232.60 232.19 231.79 231.40 231.02 230.64 230.28 229.93 229.60 229.27 228.96 228.66 228.37 228.09 227.83 227.57 227.33 227.09 226.86 226.65 226.44 226.24 226.04 225.86 225.68 225.50 225.34 225.18 225.02
237.13 237.45 237.73 237.97 238.19 238.38 238.54 238.68 238.81 238.91 239.00 239.07 239.13 239.18 239.21 239.23 239.23 239.21 239.16 238.48 237.53 236.56 235.58 234.60 233.62 232.65 231.69 230.75 229.84 229.47 229.91 230.40 230.92 231.46 232.02 232.59 233.18 233.77 234.30 234.00 233.52 233.05 232.59 232.14 231.70 231.28 230.87 230.47 230.09 229.73 229.37 229.04 228.71 228.40 228.10 227.81 227.54 227.27 227.02 226.78 226.55 226.32 226.11 225.90 225.71 225.52 225.34 225.16 224.99 224.83 224.68
236.88 237.19 237.47 237.72 237.94 238.14 238.32 238.47 238.61 238.73 238.83 238.92 238.99 239.05 239.10 239.13 239.14 239.11 238.96 238.39 237.54 236.62 235.69 234.75 233.80 232.87 231.95 231.06 230.28 229.96 230.23 230.66 231.13 231.63 232.15 232.67 233.20 233.70 234.03 233.84 233.40 232.93 232.45 231.99 231.53 231.09 230.67 230.26 229.86 229.48 229.12 228.77 228.43 228.11 227.80 227.50 227.22 226.95 226.69 226.45 226.21 225.98 225.77 225.56 225.36 225.17 224.98 224.81 224.64 224.47 224.32
236.64 236.94 237.22 237.46 237.69 237.89 238.07 238.24 238.38 238.51 238.62 238.72 238.80 238.87 238.91 238.93 238.90 238.81 238.55 238.07 237.38 236.59 235.74 234.88 234.01 233.16 232.34 231.59 231.01 230.73 230.79 231.05 231.41 231.81 232.23 232.65 233.05 233.37 233.51 233.39 233.07 232.65 232.20 231.74 231.29 230.84 230.41 229.99 229.58 229.19 228.82 228.46 228.12 227.79 227.47 227.17 226.89 226.61 226.35 226.10 225.86 225.63 225.41 225.20 225.00 224.80 224.62 224.44 224.27 224.11 223.95
236.40 236.69 236.96 237.20 237.42 237.63 237.81 237.98 238.13 238.26 238.38 238.48 238.57 238.63 238.66 238.66 238.60 238.45 238.18 237.75 237.18 236.51 235.77 235.01 234.24 233.48 232.77 232.15 231.68 231.41 231.36 231.48 231.70 231.98 232.28 232.57 232.83 233.00 233.04 232.92 232.64 232.28 231.86 231.42 230.97 230.53 230.09 229.67 229.26 228.86 228.48 228.12 227.77 227.44 227.12 226.81 226.52 226.25 225.98 225.73 225.48 225.25 225.03 224.82 224.62 224.42 224.24 224.06 223.89 223.73 223.57
236.16 236.44 236.69 236.93 237.15 237.35 237.54 237.70 237.86 237.99 238.11 238.21 238.29 238.34 238.37 238.35 238.27 238.11 237.85 237.47 236.99 236.42 235.79 235.13 234.46 233.80 233.20 232.67 232.26 231.99 231.87 231.88 231.98 232.13 232.30 232.46 232.59 232.65 232.61 232.45 232.19 231.85 231.45 231.03 230.59 230.16 229.72 229.30 228.89 228.49 228.11 227.74 227.39 227.06 226.74 226.43 226.14 225.86 225.59 225.34 225.09 224.86 224.64 224.43 224.22 224.03 223.85 223.67 223.50 223.34 223.18
235.92 236.18 236.43 236.65 236.87 237.06 237.24 237.41 237.56 237.69 237.81 237.91 237.98 238.03 238.05 238.02 237.94 237.78 237.54 237.22 236.81 236.33 235.79 235.23 234.66 234.10 233.58 233.12 232.75 232.47 232.31 232.23 232.22 232.25 232.30 232.35 232.36 232.32 232.20 232.00 231.73 231.39 231.01 230.59 230.17 229.74 229.31 228.89 228.48 228.08 227.70 227.33 226.98 226.65 226.32 226.02 225.72 225.44 225.18 224.92 224.68 224.45 224.23 224.02 223.82 223.62 223.44 223.27 223.10 222.94 222.79
235.68 235.92 236.15 236.37 236.57 236.76 236.93 237.10 237.24 237.38 237.49 237.59 237.66 237.70 237.72 237.69 237.61 237.47 237.26 236.99 236.64 236.24 235.80 235.32 234.84 234.36 233.91 233.50 233.16 232.87 232.66 232.51 232.41 232.34 232.28 232.22 232.13 231.99 231.81 231.56 231.26 230.92 230.53 230.12 229.70 229.28 228.85 228.44 228.03 227.64 227.26 226.89 226.54 226.20 225.88 225.58 225.29 225.01 224.74 224.49 224.25 224.02 223.80 223.59 223.39 223.20 223.02 222.85 222.69 222.53 222.38
235.43 235.65 235.87 236.07 236.26 236.44 236.61 236.77 236.91 237.04 237.15 237.24 237.31 237.36 237.38 237.35 237.29 237.17 237.00 236.77 236.49 236.16 235.79 235.40 234.99 234.59 234.19 233.83 233.50 233.20 232.95 232.74 232.56 232.40 232.24 232.07 231.89 231.67 231.42 231.13 230.80 230.43 230.04 229.63 229.21 228.78 228.36 227.95 227.54 227.15 226.78 226.41 226.07 225.73 225.42 225.11 224.82 224.55 224.29 224.04 223.80 223.57 223.36 223.15 222.96 222.77 222.59 222.42 222.26 222.11 221.96
235.17 235.37 235.57 235.76 235.94 236.11 236.27 236.42 236.56 236.68 236.79 236.88 236.95 237.00 237.03 237.01 236.97 236.88 236.74 236.56 236.34 236.07 235.78 235.46 235.12 234.78 234.43 234.10 233.78 233.47 233.19 232.92 232.67 232.42 232.17 231.91 231.64 231.35 231.03 230.69 230.32 229.93 229.52 229.10 228.68 228.25 227.83 227.42 227.02 226.63 226.26 225.90 225.56 225.23 224.92 224.62 224.34 224.07 223.81 223.57 223.33 223.11 222.90 222.70 222.51 222.32 222.15 221.99 221.83 221.68 221.54
234.90 235.09 235.27 235.44 235.61 235.76 235.91 236.05 236.19 236.31 236.41 236.51 236.58 236.64 236.67 236.67 236.64 236.58 236.48 236.35 236.18 235.98 235.74 235.49 235.22 234.93 234.63 234.32 234.01 233.69 233.37 233.05 232.73 232.40 232.07 231.73 231.38 231.01 230.63 230.23 229.82 229.40 228.98 228.55 228.11 227.69 227.27 226.86 226.47 226.08 225.72 225.36 225.03 224.71 224.40 224.11 223.83 223.56 223.31 223.07 222.85 222.63 222.42 222.23 222.04 221.87 221.70 221.54 221.38 221.24 221.10
234.62 234.79 234.95 235.10 235.25 235.40 235.54 235.67 235.80 235.91 236.02 236.11 236.19 236.25 236.30 236.31 236.31 236.28 236.21 236.12 236.01 235.86 235.69 235.50 235.28 235.05 234.79 234.51 234.20 233.87 233.52 233.15 232.76 232.35 231.94 231.52 231.08 230.65 230.20 229.76 229.31 228.86 228.41 227.96 227.52 227.09 226.67 226.27 225.88 225.50 225.14 224.79 224.47 224.15 223.85 223.57 223.30 223.04 222.80 222.56 222.34 222.13 221.93 221.74 221.57 221.39 221.23 221.08 220.93 220.79 220.66
234.33 234.47 234.61 234.75 234.89 235.02 235.15 235.27 235.39 235.50 235.61 235.70 235.78 235.85 235.91 235.94 235.96 235.96 235.93 235.88 235.81 235.72 235.61 235.48 235.32 235.13 234.92 234.66 234.36 234.02 233.63 233.20 232.75 232.26 231.77 231.26 230.76 230.25 229.75 229.25 228.76 228.28 227.81 227.34 226.90 226.46 226.04 225.64 225.26 224.89 224.53 224.20 223.88 223.57 223.28 223.01 222.74 222.50 222.26 222.04 221.82 221.62 221.43 221.25 221.08 220.91 220.76 220.61 220.47 220.33 220.21
234.02 234.14 234.26 234.38 234.50 234.62 234.74 234.85 234.97 235.07 235.18 235.27 235.36 235.43 235.50 235.55 235.59 235.61 235.62 235.61 235.59 235.55 235.50 235.42 235.32 235.19 235.01 234.79 234.50 234.14 233.71 233.23 232.69 232.13 231.55 230.97 230.38 229.81 229.25 228.70 228.17 227.66 227.17 226.69 226.24 225.80 225.38 224.98 224.60 224.24 223.90 223.57 223.26 222.97 222.69 222.42 222.17 221.93 221.71 221.49 221.29 221.10 220.91 220.74 220.58 220.42 220.27 220.13 220.00 219.87 219.75
233.70 233.79 233.89 234.00 234.10 234.20 234.31 234.42 234.52 234.62 234.72 234.82 234.91 234.99 235.07 235.14 235.19 235.24 235.28 235.31 235.33 235.34 235.34 235.32 235.28 235.21 235.08 234.89 234.61 234.24 233.77 233.21 232.60 231.95 231.28 230.61 229.95 229.31 228.69 228.10 227.53 226.99 226.48 226.00 225.53 225.10 224.68 224.29 223.92 223.56 223.23 222.92 222.62 222.34 222.07 221.82 221.58 221.35 221.14 220.93 220.74 220.56 220.39 220.22 220.06 219.92 219.78 219.64 219.52 219.39 219.28
233.35 233.43 233.50 233.59 233.68 233.77 233.86 233.95 234.05 234.15 234.25 234.34 234.43 234.52 234.61 234.69 234.76 234.83 234.90 234.96 235.02 235.08 235.12 235.16 235.18 235.17 235.11 234.97 234.72 234.33 233.80 233.16 232.45 231.70 230.94 230.18 229.45 228.75 228.07 227.44 226.84 226.28 225.75 225.25 224.79 224.35 223.94 223.56 223.20 222.86 222.54 222.24 221.96 221.69 221.43 221.20 220.97 220.76 220.55 220.36 220.18 220.01 219.85 219.69 219.54 219.41 219.27 219.15 219.03 218.92 218.81
232.99 233.04 233.09 233.16 233.23 233.30 233.39 233.47 233.56 233.65 233.74 233.84 233.93 234.02 234.12 234.21 234.30 234.38 234.47 234.56 234.65 234.75 234.84 234.93 235.02 235.08 235.09 235.02 234.81 234.41 233.81 233.06 232.23 231.37 230.51 229.67 228.86 228.10 227.38 226.71 226.08 225.50 224.97 224.46 224.00 223.57 223.17 222.80 222.45 222.13 221.82 221.54 221.27 221.02 220.78 220.56 220.35 220.15 219.96 219.78 219.61 219.45 219.30 219.15 219.02 218.89 218.76 218.65 218.54 218.43 218.33
232.60 232.62 232.66 232.71 232.76 232.82 232.89 232.96 233.04 233.13 233.22 233.31 233.40 233.49 233.59 233.69 233.79 233.89 233.99 234.10 234.22 234.34 234.47 234.61 234.75 234.88 234.99 235.02 234.90 234.48 233.77 232.87 231.90 230.92 229.97 229.05 228.18 227.36 226.60 225.90 225.26 224.67 224.12 223.62 223.17 222.75 222.36 222.00 221.67 221.37 221.08 220.82 220.57 220.33 220.11 219.91 219.71 219.53 219.35 219.19 219.03 218.88 218.74 218.61 218.48 218.36 218.25 218.14 218.04 217.94 217.85
232.18 232.19 232.20 232.23 232.26 232.31 232.37 232.43 232.50 232.58 232.66 232.74 232.83 232.93 233.02 233.13 233.23 233.34 233.45 233.58 233.71 233.85 234.00 234.16 234.34 234.53 234.73 234.90 234.95 234.55 233.62 232.52 231.41 230.33 229.29 228.30 227.38 226.52 225.73 225.01 224.36 223.76 223.22 222.73 222.29 221.88 221.52 221.18 220.87 220.59 220.32 220.08 219.85 219.63 219.43 219.24 219.06 218.89 218.73 218.58 218.44 218.30 218.17 218.05 217.94 217.83 217.72 217.63 217.53 217.44 217.36
231.74 231.72 231.72 231.72 231.74 231.77 231.82 231.87 231.93 232.00 232.07 232.15 232.24 232.33 232.42 232.52 232.63 232.74 232.85 232.98 233.11 233.26 233.41 233.58 233.77 233.98 234.21 234.47 234.76 234.45 233.15 231.90 230.69 229.54 228.45 227.42 226.46 225.57 224.76 224.03 223.37 222.78 222.26 221.78 221.36 220.98 220.64 220.33 220.04 219.78 219.54 219.32 219.11 218.92 218.74 218.57 218.41 218.25 218.11 217.97 217.84 217.72 217.60 217.49 217.39 217.29 217.20 217.11 217.03 216.95 216.87
231.28 231.23 231.21 231.19 231.20 231.21 231.24 231.28 231.33 231.39 231.45 231.53 231.61 231.69 231.78 231.88 231.98 232.08 232.19 232.31 232.44 232.57 232.71 232.86 233.03 233.20 233.37 233.53 233.58 233.14 232.10 230.91 229.71 228.55 227.44 226.39 225.41 224.51 223.70 222.97 222.32 221.74 221.23 220.79 220.40 220.05 219.73 219.45 219.20 218.97 218.75 218.55 218.37 218.20 218.04 217.89 217.74 217.61 217.48 217.36 217.24 217.13 217.03 216.93 216.84 216.75 216.67 216.59 216.52 216.44 216.38
