Experimentos/Mapas/kriging_ordinario_var.asc
NCOLS          450       
NROWS          450       
XLLCENTER      -8789850.00
YLLCENTER      45000.00  
DX             522.00    
DY             555.00    
NODATA_VALUE   -999.00   
[rows 245 to 279 of 450, columns 0 to 78 of 450]
81.94 80.26 78.60 76.95 75.32 73.72 72.12 70.54 68.98 67.43 65.88 64.35 62.83 61.31 59.79 58.28 56.77 55.26 53.75 52.23 50.71 49.19 47.67 46.14 44.60 43.06 41.52 39.98 38.43 36.89 35.34 33.81 32.29 30.78 29.31 27.85 26.44 25.06 23.72 22.42 21.16 19.95 18.78 17.67 16.63 15.68 14.84 14.14 13.56 13.09 12.65 12.19 11.62 10.90 10.01 9.00 8.02 7.28 7.06 7.39 8.01 8.60 8.95 8.95 8.60 8.00 7.39 7.09 7.40 8.30 9.57 10.96 12.33 13.57 14.60 15.40 15.94 16.19 16.14
83.77 82.09 80.42 78.77 77.14 75.52 73.91 72.33 70.75 69.18 67.63 66.08 64.54 63.00 61.47 59.94 58.41 56.88 55.35 53.81 52.27 50.73 49.19 47.64 46.08 44.52 42.95 41.38 39.81 38.23 36.66 35.09 33.52 31.97 30.42 28.89 27.38 25.89 24.42 22.97 21.53 20.12 18.74 17.40 16.14 14.98 13.97 13.15 12.54 12.13 11.84 11.57 11.22 10.73 10.10 9.37 8.68 8.19 8.03 8.21 8.60 9.01 9.26 9.26 9.00 8.59 8.21 8.07 8.34 9.05 10.10 11.33 12.59 13.78 14.82 15.65 16.23 16.56 16.60
85.59 83.90 82.23 80.58 78.94 77.31 75.70 74.10 72.51 70.93 69.36 67.80 66.24 64.69 63.14 61.59 60.04 58.49 56.94 55.39 53.83 52.27 50.70 49.13 47.55 45.96 44.37 42.77 41.17 39.56 37.95 36.34 34.72 33.11 31.49 29.88 28.27 26.66 25.05 23.43 21.82 20.20 18.58 16.99 15.45 14.02 12.77 11.78 11.12 10.80 10.71 10.69 10.60 10.34 9.89 9.32 8.74 8.32 8.18 8.35 8.71 9.08 9.32 9.31 9.08 8.70 8.35 8.24 8.50 9.19 10.21 11.43 12.71 13.93 15.01 15.90 16.56 16.97 17.12
87.40 85.71 84.04 82.38 80.73 79.10 77.47 75.86 74.26 72.67 71.09 69.51 67.94 66.37 64.80 63.24 61.67 60.11 58.54 56.96 55.39 53.80 52.21 50.62 49.02 47.41 45.79 44.16 42.53 40.88 39.23 37.57 35.90 34.23 32.54 30.84 29.13 27.40 25.66 23.88 22.08 20.24 18.39 16.52 14.66 12.89 11.29 10.03 9.27 9.07 9.27 9.59 9.80 9.75 9.41 8.84 8.19 7.69 7.54 7.80 8.30 8.79 9.09 9.09 8.79 8.29 7.80 7.59 7.88 8.70 9.89 11.27 12.68 14.01 15.18 16.16 16.90 17.41 17.67
89.20 87.51 85.83 84.17 82.51 80.87 79.24 77.62 76.01 74.41 72.81 71.22 69.63 68.05 66.47 64.89 63.30 61.72 60.13 58.54 56.94 55.34 53.73 52.11 50.48 48.85 47.20 45.55 43.88 42.20 40.51 38.80 37.08 35.34 33.59 31.81 30.00 28.16 26.29 24.36 22.39 20.35 18.26 16.11 13.92 11.74 9.67 7.95 6.94 6.92 7.59 8.39 8.94 9.07 8.76 8.05 7.13 6.32 6.10 6.61 7.47 8.25 8.68 8.68 8.24 7.47 6.61 6.13 6.49 7.66 9.24 10.93 12.57 14.06 15.36 16.44 17.28 17.88 18.24
91.00 89.30 87.62 85.95 84.29 82.64 81.00 79.37 77.75 76.14 74.53 72.92 71.32 69.73 68.13 66.53 64.93 63.33 61.72 60.11 58.50 56.87 55.24 53.60 51.95 50.29 48.62 46.94 45.24 43.53 41.80 40.05 38.28 36.48 34.66 32.81 30.91 28.98 26.99 24.94 22.81 20.61 18.31 15.92 13.43 10.85 8.23 5.77 4.13 4.45 5.94 7.34 8.24 8.52 8.19 7.25 5.84 4.32 3.84 4.99 6.52 7.69 8.30 8.30 7.69 6.52 4.99 3.85 4.45 6.37 8.55 10.63 12.52 14.18 15.61 16.78 17.71 18.39 18.83
92.78 91.09 89.40 87.72 86.06 84.40 82.76 81.12 79.49 77.86 76.24 74.63 73.01 71.40 69.79 68.18 66.56 64.94 63.32 61.69 60.06 58.42 56.77 55.11 53.44 51.75 50.06 48.34 46.62 44.87 43.10 41.31 39.50 37.65 35.78 33.86 31.90 29.88 27.80 25.66 23.42 21.10 18.66 16.11 13.42 10.58 7.57 4.40 1.14 2.44 5.02 6.87 7.97 8.34 7.98 6.89 5.07 2.53 1.02 3.84 6.02 7.48 8.20 8.20 7.48 6.03 3.84 1.02 2.63 5.63 8.30 10.65 12.70 14.48 15.98 17.22 18.20 18.95 19.45
94.56 92.86 91.17 89.49 87.82 86.16 84.51 82.86 81.22 79.59 77.96 76.33 74.70 73.08 71.45 69.82 68.19 66.56 64.92 63.28 61.63 59.97 58.30 56.62 54.93 53.22 51.51 49.77 48.02 46.24 44.44 42.62 40.77 38.88 36.96 34.99 32.98 30.90 28.77 26.56 24.26 21.87 19.38 16.78 14.05 11.21 8.28 5.39 3.25 3.76 5.67 7.32 8.36 8.71 8.38 7.36 5.73 3.79 3.09 4.72 6.58 7.92 8.61 8.61 7.92 6.58 4.71 3.11 3.97 6.40 8.91 11.21 13.25 15.02 16.53 17.78 18.79 19.56 20.10
96.34 94.64 92.94 91.26 89.58 87.92 86.25 84.60 82.95 81.31 79.67 78.03 76.39 74.75 73.11 71.47 69.83 68.18 66.53 64.87 63.21 61.53 59.84 58.15 56.44 54.72 52.98 51.22 49.44 47.64 45.82 43.97 42.09 40.17 38.21 36.22 34.17 32.06 29.89 27.66 25.35 22.96 20.49 17.94 15.33 12.70 10.17 7.98 6.65 6.65 7.58 8.66 9.42 9.69 9.42 8.65 7.54 6.50 6.22 6.95 8.08 9.05 9.58 9.58 9.05 8.08 6.97 6.32 6.83 8.38 10.34 12.33 14.18 15.84 17.28 18.49 19.47 20.23 20.78
98.11 96.40 94.71 93.02 91.34 89.67 88.00 86.34 84.68 83.03 81.38 79.73 78.08 76.43 74.78 73.13 71.47 69.81 68.15 66.48 64.80 63.11 61.41 59.69 57.97 56.23 54.47 52.70 50.90 49.09 47.24 45.37 43.47 41.53 39.56 37.54 35.48 33.36 31.19 28.97 26.68 24.34 21.95 19.53 17.12 14.79 12.66 10.95 9.91 9.66 10.02 10.58 11.03 11.19 10.99 10.47 9.79 9.23 9.08 9.44 10.08 10.68 11.04 11.03 10.68 10.09 9.51 9.28 9.70 10.77 12.24 13.84 15.43 16.90 18.20 19.32 20.24 20.96 21.49
99.88 98.17 96.47 94.78 93.09 91.41 89.74 88.07 86.41 84.75 83.09 81.43 79.78 78.12 76.46 74.79 73.13 71.45 69.78 68.09 66.40 64.70 62.98 61.26 59.52 57.77 56.00 54.21 52.40 50.57 48.71 46.83 44.92 42.97 40.99 38.97 36.91 34.81 32.66 30.47 28.24 25.98 23.71 21.45 19.26 17.20 15.39 13.96 13.03 12.63 12.63 12.84 13.04 13.08 12.92 12.58 12.16 11.84 11.75 11.92 12.27 12.62 12.83 12.83 12.62 12.30 12.03 12.01 12.39 13.19 14.30 15.57 16.88 18.13 19.26 20.25 21.08 21.73 22.21
101.64 99.93 98.23 96.53 94.84 93.16 91.48 89.81 88.14 86.47 84.81 83.14 81.47 79.81 78.14 76.46 74.79 73.10 71.42 69.72 68.02 66.31 64.58 62.85 61.10 59.34 57.56 55.76 53.94 52.10 50.24 48.35 46.44 44.49 42.51 40.50 38.46 36.39 34.28 32.15 30.00 27.84 25.70 23.61 21.62 19.78 18.19 16.93 16.04 15.52 15.31 15.28 15.28 15.23 15.07 14.83 14.56 14.35 14.28 14.35 14.52 14.70 14.82 14.82 14.71 14.56 14.47 14.55 14.90 15.52 16.38 17.38 18.43 19.46 20.41 21.25 21.97 22.53 22.94
103.40 101.69 99.98 98.28 96.59 94.91 93.22 91.55 89.87 88.20 86.52 84.85 83.18 81.50 79.82 78.14 76.45 74.76 73.07 71.36 69.65 67.93 66.20 64.46 62.70 60.93 59.15 57.34 55.52 53.68 51.82 49.93 48.02 46.08 44.12 42.14 40.12 38.09 36.03 33.97 31.91 29.86 27.85 25.91 24.09 22.43 20.99 19.82 18.95 18.36 18.01 17.80 17.67 17.53 17.36 17.16 16.96 16.80 16.72 16.72 16.79 16.87 16.91 16.91 16.85 16.79 16.79 16.92 17.23 17.72 18.39 19.16 19.99 20.82 21.59 22.28 22.87 23.33 23.66
105.16 103.44 101.74 100.04 98.34 96.65 94.96 93.28 91.60 89.92 88.24 86.56 84.88 83.20 81.52 79.83 78.13 76.44 74.73 73.02 71.31 69.58 67.84 66.09 64.33 62.56 60.77 58.97 57.15 55.31 53.45 51.57 49.67 47.75 45.81 43.85 41.88 39.89 37.90 35.91 33.94 31.99 30.11 28.31 26.62 25.10 23.76 22.66 21.79 21.14 20.69 20.37 20.13 19.92 19.72 19.52 19.33 19.18 19.08 19.04 19.03 19.04 19.05 19.03 18.99 18.98 19.01 19.14 19.40 19.79 20.29 20.88 21.52 22.16 22.77 23.31 23.76 24.11 24.35
106.91 105.20 103.49 101.79 100.09 98.40 96.71 95.02 93.34 91.65 89.97 88.28 86.60 84.91 83.22 81.52 79.83 78.12 76.41 74.70 72.98 71.25 69.51 67.75 65.99 64.22 62.43 60.63 58.81 56.98 55.13 53.26 51.38 49.49 47.58 45.65 43.72 41.79 39.86 37.94 36.06 34.21 32.43 30.75 29.17 27.75 26.49 25.43 24.56 23.87 23.34 22.93 22.61 22.34 22.10 21.88 21.68 21.52 21.40 21.31 21.25 21.21 21.17 21.13 21.09 21.08 21.12 21.22 21.42 21.71 22.08 22.52 22.99 23.46 23.90 24.30 24.62 24.85 24.99
108.66 106.95 105.24 103.54 101.84 100.14 98.45 96.76 95.07 93.39 91.70 90.01 88.32 86.63 84.93 83.23 81.53 79.82 78.11 76.39 74.67 72.93 71.19 69.44 67.68 65.91 64.12 62.32 60.52 58.69 56.86 55.01 53.15 51.28 49.40 47.52 45.63 43.76 41.89 40.05 38.24 36.49 34.80 33.21 31.72 30.37 29.17 28.14 27.26 26.54 25.96 25.48 25.10 24.77 24.48 24.23 24.01 23.82 23.66 23.53 23.42 23.33 23.26 23.19 23.13 23.10 23.11 23.17 23.30 23.49 23.75 24.04 24.36 24.68 24.98 25.23 25.42 25.54 25.57
110.42 108.70 106.99 105.29 103.59 101.89 100.20 98.50 96.81 95.12 93.43 91.74 90.05 88.35 86.65 84.95 83.24 81.53 79.82 78.10 76.37 74.64 72.90 71.15 69.39 67.62 65.84 64.06 62.26 60.45 58.63 56.80 54.97 53.13 51.28 49.44 47.61 45.78 43.98 42.20 40.47 38.79 37.19 35.67 34.26 32.96 31.81 30.79 29.91 29.16 28.53 28.00 27.56 27.18 26.85 26.55 26.29 26.07 25.87 25.69 25.54 25.41 25.29 25.18 25.09 25.03 25.00 25.00 25.05 25.15 25.29 25.46 25.64 25.82 25.97 26.09 26.15 26.15 26.08
112.17 110.45 108.74 107.04 105.34 103.64 101.94 100.25 98.56 96.86 95.17 93.48 91.78 90.08 88.38 86.68 84.97 83.26 81.54 79.82 78.10 76.37 74.63 72.88 71.13 69.37 67.60 65.82 64.04 62.24 60.44 58.64 56.83 55.02 53.21 51.41 49.62 47.85 46.10 44.39 42.72 41.11 39.57 38.12 36.76 35.52 34.39 33.38 32.49 31.72 31.06 30.48 29.99 29.56 29.18 28.84 28.54 28.27 28.02 27.81 27.61 27.43 27.26 27.11 26.98 26.86 26.77 26.71 26.68 26.69 26.71 26.76 26.81 26.85 26.87 26.86 26.80 26.68 26.50
113.92 112.21 110.50 108.79 107.09 105.39 103.69 102.00 100.30 98.61 96.92 95.22 93.52 91.82 90.12 88.42 86.71 85.00 83.28 81.56 79.84 78.11 76.38 74.64 72.89 71.14 69.38 67.61 65.84 64.07 62.29 60.51 58.73 56.95 55.18 53.42 51.67 49.95 48.25 46.60 44.99 43.44 41.96 40.55 39.24 38.03 36.92 35.92 35.02 34.23 33.53 32.92 32.38 31.90 31.47 31.09 30.74 30.42 30.13 29.86 29.61 29.38 29.16 28.96 28.77 28.60 28.45 28.31 28.20 28.10 28.02 27.95 27.87 27.79 27.68 27.53 27.35 27.12 26.83
115.67 113.96 112.25 110.54 108.84 107.14 105.45 103.75 102.06 100.36 98.67 96.97 95.27 93.57 91.87 90.17 88.46 86.75 85.04 83.32 81.60 79.87 78.15 76.41 74.67 72.93 71.18 69.43 67.68 65.92 64.17 62.41 60.66 58.91 57.17 55.45 53.75 52.07 50.42 48.82 47.26 45.76 44.32 42.96 41.68 40.49 39.40 38.40 37.50 36.68 35.96 35.30 34.72 34.19 33.72 33.28 32.89 32.52 32.18 31.86 31.56 31.27 31.00 30.73 30.48 30.25 30.02 29.81 29.60 29.41 29.22 29.03 28.83 28.62 28.38 28.11 27.81 27.45 27.05
117.43 115.71 114.00 112.30 110.60 108.90 107.20 105.51 103.81 102.12 100.42 98.73 97.03 95.33 93.63 91.93 90.22 88.51 86.80 85.09 83.37 81.65 79.93 78.21 76.48 74.75 73.01 71.28 69.54 67.80 66.07 64.34 62.61 60.90 59.19 57.51 55.84 54.21 52.60 51.04 49.52 48.06 46.66 45.34 44.09 42.92 41.83 40.83 39.92 39.08 38.32 37.64 37.01 36.44 35.92 35.43 34.99 34.57 34.17 33.80 33.44 33.09 32.76 32.43 32.12 31.80 31.50 31.20 30.91 30.61 30.31 30.01 29.69 29.35 28.99 28.59 28.16 27.69 27.17
119.18 117.47 115.76 114.05 112.35 110.66 108.96 107.27 105.57 103.88 102.18 100.49 98.79 97.10 95.40 93.70 91.99 90.29 88.58 86.87 85.16 83.45 81.74 80.02 78.30 76.58 74.86 73.14 71.42 69.71 67.99 66.29 64.59 62.90 61.23 59.58 57.95 56.35 54.78 53.26 51.78 50.35 48.98 47.68 46.45 45.30 44.22 43.21 42.28 41.43 40.64 39.92 39.25 38.64 38.07 37.53 37.03 36.56 36.11 35.68 35.26 34.85 34.45 34.06 33.67 33.28 32.89 32.51 32.12 31.72 31.31 30.89 30.45 29.98 29.49 28.97 28.41 27.82 27.19
120.93 119.22 117.51 115.81 114.11 112.42 110.72 109.03 107.34 105.64 103.95 102.26 100.56 98.87 97.17 95.48 93.78 92.08 90.37 88.67 86.97 85.26 83.56 81.85 80.14 78.44 76.73 75.03 73.32 71.63 69.94 68.25 66.58 64.92 63.28 61.66 60.06 58.49 56.96 55.46 54.02 52.62 51.28 50.00 48.78 47.63 46.55 45.54 44.60 43.72 42.91 42.15 41.44 40.78 40.17 39.58 39.03 38.50 37.99 37.50 37.02 36.55 36.08 35.61 35.15 34.68 34.21 33.73 33.24 32.74 32.22 31.68 31.12 30.53 29.91 29.26 28.57 27.85 27.10
122.68 120.98 119.27 117.57 115.87 114.18 112.48 110.79 109.10 107.41 105.72 104.03 102.34 100.65 98.96 97.26 95.57 93.87 92.18 90.48 88.78 87.08 85.39 83.69 82.00 80.30 78.61 76.92 75.24 73.56 71.89 70.23 68.58 66.95 65.33 63.74 62.17 60.63 59.13 57.66 56.24 54.86 53.54 52.28 51.07 49.93 48.84 47.82 46.86 45.96 45.12 44.33 43.58 42.88 42.21 41.58 40.97 40.39 39.82 39.27 38.72 38.18 37.65 37.11 36.56 36.01 35.45 34.88 34.29 33.68 33.05 32.39 31.71 30.99 30.24 29.46 28.64 27.78 26.90
124.44 122.73 121.03 119.33 117.64 115.94 114.25 112.56 110.87 109.19 107.50 105.81 104.13 102.44 100.75 99.06 97.37 95.68 93.99 92.30 90.61 88.92 87.23 85.55 83.86 82.18 80.51 78.83 77.17 75.51 73.86 72.22 70.59 68.98 67.39 65.82 64.28 62.76 61.28 59.84 58.44 57.08 55.78 54.52 53.32 52.18 51.09 50.06 49.08 48.16 47.28 46.46 45.67 44.93 44.21 43.53 42.87 42.23 41.60 40.99 40.38 39.77 39.16 38.54 37.92 37.28 36.63 35.96 35.27 34.56 33.82 33.04 32.23 31.39 30.50 29.58 28.62 27.63 26.61
126.19 124.49 122.79 121.09 119.40 117.71 116.02 114.34 112.65 110.97 109.28 107.60 105.92 104.23 102.55 100.86 99.18 97.49 95.81 94.13 92.45 90.77 89.09 87.41 85.74 84.07 82.41 80.75 79.10 77.46 75.83 74.21 72.60 71.01 69.45 67.90 66.38 64.89 63.43 62.00 60.62 59.28 57.98 56.73 55.54 54.39 53.29 52.25 51.25 50.30 49.40 48.54 47.72 46.93 46.17 45.43 44.72 44.02 43.34 42.66 41.98 41.30 40.62 39.92 39.22 38.50 37.76 36.99 36.20 35.38 34.53 33.63 32.70 31.72 30.71 29.65 28.55 27.41 26.24
127.95 126.25 124.55 122.86 121.17 119.48 117.79 116.11 114.43 112.75 111.07 109.39 107.71 106.03 104.35 102.67 100.99 99.32 97.64 95.96 94.29 92.62 90.95 89.29 87.63 85.97 84.32 82.68 81.05 79.42 77.81 76.20 74.62 73.05 71.50 69.97 68.47 67.00 65.56 64.15 62.78 61.45 60.16 58.91 57.72 56.56 55.46 54.40 53.38 52.41 51.47 50.58 49.72 48.88 48.08 47.29 46.53 45.77 45.02 44.28 43.54 42.79 42.03 41.26 40.48 39.67 38.84 37.98 37.09 36.16 35.20 34.19 33.13 32.02 30.87 29.67 28.42 27.13 25.81
129.70 128.01 126.31 124.62 122.94 121.25 119.57 117.89 116.21 114.53 112.86 111.18 109.51 107.83 106.16 104.49 102.81 101.14 99.47 97.81 96.14 94.48 92.82 91.17 89.52 87.88 86.24 84.61 82.99 81.38 79.79 78.20 76.63 75.08 73.55 72.04 70.55 69.09 67.67 66.27 64.91 63.59 62.30 61.06 59.86 58.70 57.58 56.50 55.47 54.47 53.50 52.57 51.67 50.80 49.95 49.11 48.29 47.48 46.68 45.87 45.06 44.24 43.41 42.57 41.70 40.81 39.89 38.94 37.95 36.92 35.84 34.72 33.54 32.30 31.01 29.67 28.27 26.82 25.34
131.46 129.76 128.07 126.39 124.70 123.02 121.35 119.67 117.99 116.32 114.65 112.98 111.31 109.64 107.97 106.31 104.64 102.98 101.32 99.66 98.00 96.35 94.70 93.06 91.42 89.79 88.16 86.55 84.94 83.35 81.77 80.20 78.64 77.10 75.59 74.09 72.62 71.18 69.76 68.38 67.02 65.70 64.42 63.18 61.97 60.80 59.67 58.57 57.51 56.49 55.50 54.53 53.59 52.68 51.78 50.89 50.02 49.16 48.29 47.42 46.55 45.66 44.76 43.84 42.90 41.93 40.92 39.88 38.79 37.66 36.48 35.24 33.94 32.58 31.16 29.67 28.12 26.52 24.86
133.21 131.52 129.84 128.16 126.48 124.80 123.12 121.45 119.78 118.11 116.45 114.78 113.12 111.45 109.79 108.13 106.47 104.82 103.16 101.51 99.86 98.22 96.58 94.95 93.32 91.70 90.09 88.49 86.89 85.31 83.74 82.19 80.65 79.12 77.62 76.14 74.68 73.24 71.84 70.46 69.11 67.80 66.51 65.26 64.05 62.87 61.72 60.61 59.53 58.48 57.45 56.45 55.48 54.52 53.58 52.64 51.72 50.80 49.88 48.95 48.01 47.06 46.09 45.10 44.08 43.03 41.94 40.81 39.63 38.40 37.12 35.77 34.36 32.88 31.34 29.71 28.02 26.25 24.42
134.97 133.28 131.60 129.92 128.25 126.57 124.90 123.24 121.57 119.91 118.25 116.59 114.93 113.27 111.61 109.96 108.31 106.66 105.01 103.37 101.73 100.10 98.47 96.84 95.23 93.62 92.02 90.43 88.85 87.28 85.72 84.17 82.65 81.14 79.64 78.17 76.72 75.30 73.90 72.52 71.18 69.86 68.58 67.32 66.10 64.90 63.74 62.61 61.51 60.43 59.37 58.34 57.33 56.33 55.34 54.36 53.39 52.42 51.44 50.45 49.46 48.44 47.40 46.34 45.25 44.12 42.95 41.74 40.48 39.16 37.78 36.33 34.82 33.23 31.57 29.82 27.98 26.07 24.07
136.73 135.05 133.37 131.69 130.02 128.35 126.69 125.02 123.36 121.70 120.05 118.39 116.74 115.09 113.44 111.79 110.15 108.50 106.87 105.23 103.60 101.98 100.36 98.74 97.14 95.54 93.95 92.37 90.79 89.24 87.69 86.16 84.64 83.14 81.65 80.19 78.75 77.33 75.94 74.57 73.22 71.90 70.61 69.35 68.12 66.91 65.73 64.58 63.45 62.35 61.27 60.20 59.15 58.11 57.08 56.06 55.04 54.01 52.98 51.94 50.88 49.81 48.71 47.58 46.42 45.22 43.97 42.68 41.34 39.94 38.48 36.94 35.33 33.65 31.88 30.02 28.06 26.01 23.87
138.49 136.81 135.13 133.46 131.79 130.13 128.47 126.81 125.15 123.50 121.85 120.20 118.55 116.91 115.27 113.62 111.99 110.35 108.72 107.09 105.47 103.86 102.24 100.64 99.04 97.45 95.87 94.30 92.74 91.19 89.65 88.13 86.62 85.13 83.66 82.20 80.76 79.35 77.96 76.59 75.24 73.92 72.63 71.36 70.11 68.89 67.70 66.53 65.38 64.24 63.13 62.03 60.95 59.87 58.80 57.73 56.67 55.59 54.51 53.41 52.30 51.17 50.01 48.82 47.59 46.32 45.01 43.65 42.24 40.76 39.22 37.61 35.92 34.15 32.29 30.33 28.28 26.13 23.87
140.24 138.57 136.90 135.23 133.57 131.91 130.25 128.60 126.95 125.30 123.65 122.01 120.37 118.73 117.09 115.46 113.83 112.20 110.58 108.96 107.34 105.74 104.13 102.54 100.95 99.37 97.80 96.24 94.68 93.14 91.61 90.10 88.60 87.11 85.65 84.20 82.76 81.35 79.96 78.59 77.25 75.92 74.62 73.34 72.08 70.85 69.64 68.44 67.27 66.11 64.97 63.84 62.72 61.61 60.50 59.39 58.28 57.16 56.03 54.88 53.72 52.53 51.31 50.06 48.78 47.45 46.08 44.65 43.17 41.63 40.02 38.34 36.59 34.75 32.82 30.79 28.67 26.45 24.11
142.00 140.33 138.67 137.01 135.35 133.69 132.04 130.39 128.74 127.10 125.46 123.82 122.19 120.55 118.92 117.30 115.67 114.05 112.44 110.82 109.22 107.62 106.02 104.43 102.85 101.28 99.72 98.17 96.62 95.09 93.57 92.06 90.57 89.09 87.62 86.18 84.75 83.34 81.95 80.58 79.23 77.90 76.59 75.30 74.03 72.78 71.55 70.34 69.14 67.96 66.79 65.63 64.48 63.33 62.18 61.04 59.88 58.72 57.54 56.35 55.13 53.89 52.62 51.32 49.98 48.60 47.17 45.69 44.16 42.56 40.89 39.16 37.35 35.46 33.48 31.41 29.24 26.98 24.61
