Experimentos/Mapas/kriging_ordinario_var.asc
NCOLS          450       
NROWS          450       
XLLCENTER      -8789850.00
YLLCENTER      45000.00  
DX             522.00    
DY             555.00    
NODATA_VALUE   -999.00   
[rows 0 to 34 of 450, columns 237 to 315 of 450]
92.35 94.23 96.10 97.97 99.83 101.68 103.53 105.36 107.19 109.01 110.83 112.63 114.42 116.21 117.98 119.74 121.50 123.24 124.97 126.69 128.40 130.09 131.78 133.45 135.11 136.76 138.40 140.02 141.63 143.23 144.82 146.39 147.96 149.51 151.05 152.58 154.10 155.60 157.10 158.58 160.06 161.52 162.98 164.42 165.86 167.28 168.70 170.11 171.51 172.90 174.28 175.66 177.03 178.39 179.74 181.09 182.43 183.76 185.09 186.41 187.72 189.03 190.33 191.63 192.92 194.20 195.48 196.76 198.03 199.30 200.56 201.82 203.07 204.32 205.56 206.81 208.05 209.28 210.51
90.63 92.51 94.39 96.27 98.13 99.99 101.84 103.69 105.52 107.35 109.17 110.98 112.78 114.57 116.35 118.11 119.87 121.62 123.35 125.08 126.79 128.49 130.18 131.85 133.52 135.17 136.81 138.43 140.05 141.65 143.24 144.81 146.38 147.93 149.47 151.00 152.51 154.02 155.51 156.99 158.47 159.93 161.38 162.82 164.25 165.68 167.09 168.49 169.89 171.28 172.66 174.03 175.40 176.75 178.10 179.44 180.78 182.11 183.43 184.75 186.06 187.36 188.66 189.95 191.24 192.52 193.80 195.07 196.34 197.60 198.86 200.11 201.36 202.61 203.85 205.09 206.33 207.56 208.79
88.93 90.82 92.70 94.58 96.45 98.32 100.18 102.03 103.87 105.70 107.53 109.34 111.15 112.94 114.73 116.50 118.26 120.01 121.75 123.48 125.20 126.90 128.59 130.27 131.94 133.59 135.23 136.86 138.47 140.08 141.67 143.24 144.81 146.36 147.90 149.42 150.94 152.44 153.93 155.41 156.88 158.34 159.79 161.23 162.66 164.08 165.49 166.89 168.28 169.66 171.04 172.41 173.77 175.12 176.46 177.80 179.13 180.46 181.78 183.09 184.39 185.69 186.99 188.28 189.56 190.84 192.11 193.38 194.64 195.90 197.16 198.41 199.66 200.90 202.14 203.38 204.61 205.84 207.07
87.24 89.14 91.03 92.91 94.79 96.66 98.53 100.38 102.23 104.07 105.90 107.72 109.53 111.33 113.12 114.90 116.67 118.42 120.17 121.90 123.62 125.32 127.02 128.70 130.37 132.02 133.67 135.29 136.91 138.51 140.10 141.68 143.24 144.79 146.33 147.86 149.37 150.87 152.36 153.84 155.30 156.76 158.21 159.64 161.07 162.48 163.89 165.28 166.67 168.05 169.42 170.79 172.14 173.49 174.83 176.16 177.49 178.81 180.12 181.43 182.73 184.03 185.32 186.60 187.88 189.15 190.42 191.69 192.95 194.20 195.45 196.70 197.95 199.19 200.42 201.66 202.89 204.12 205.34
85.57 87.48 89.37 91.26 93.15 95.02 96.89 98.76 100.61 102.45 104.29 106.12 107.93 109.74 111.53 113.31 115.09 116.85 118.59 120.33 122.05 123.76 125.46 127.14 128.81 130.47 132.11 133.74 135.36 136.96 138.55 140.13 141.69 143.24 144.78 146.30 147.81 149.31 150.79 152.27 153.73 155.19 156.63 158.06 159.48 160.89 162.29 163.68 165.07 166.44 167.81 169.17 170.52 171.86 173.20 174.53 175.85 177.16 178.47 179.77 181.07 182.36 183.65 184.92 186.20 187.47 188.73 189.99 191.25 192.50 193.75 194.99 196.23 197.47 198.70 199.94 201.16 202.39 203.61
83.92 85.83 87.73 89.63 91.52 93.40 95.28 97.14 99.00 100.85 102.70 104.53 106.35 108.16 109.96 111.74 113.52 115.28 117.03 118.77 120.50 122.21 123.91 125.59 127.26 128.92 130.57 132.20 133.81 135.42 137.01 138.58 140.14 141.69 143.23 144.75 146.26 147.75 149.24 150.71 152.17 153.62 155.06 156.48 157.90 159.31 160.70 162.09 163.47 164.84 166.20 167.55 168.90 170.24 171.57 172.89 174.21 175.52 176.82 178.12 179.41 180.69 181.97 183.25 184.52 185.78 187.04 188.30 189.55 190.80 192.04 193.28 194.52 195.75 196.98 198.21 199.43 200.66 201.88
82.29 84.20 86.11 88.01 89.91 91.80 93.68 95.55 97.41 99.27 101.12 102.95 104.78 106.59 108.40 110.19 111.97 113.73 115.49 117.23 118.96 120.67 122.37 124.06 125.73 127.39 129.03 130.66 132.28 133.88 135.47 137.05 138.61 140.15 141.69 143.21 144.71 146.21 147.69 149.16 150.61 152.06 153.49 154.91 156.33 157.73 159.12 160.50 161.87 163.24 164.59 165.94 167.28 168.61 169.94 171.26 172.57 173.87 175.17 176.46 177.75 179.03 180.30 181.57 182.84 184.10 185.35 186.61 187.85 189.10 190.34 191.57 192.80 194.03 195.26 196.48 197.70 198.92 200.14
80.68 82.59 84.51 86.41 88.31 90.21 92.09 93.97 95.84 97.70 99.55 101.39 103.22 105.04 106.85 108.65 110.43 112.20 113.96 115.70 117.43 119.14 120.85 122.53 124.21 125.87 127.51 129.14 130.76 132.36 133.95 135.52 137.08 138.63 140.16 141.67 143.18 144.67 146.15 147.61 149.06 150.50 151.93 153.35 154.76 156.15 157.54 158.92 160.28 161.64 162.99 164.33 165.67 166.99 168.31 169.63 170.93 172.23 173.52 174.81 176.09 177.36 178.63 179.90 181.16 182.41 183.66 184.91 186.15 187.39 188.63 189.86 191.09 192.31 193.53 194.75 195.97 197.18 198.40
79.08 81.00 82.92 84.83 86.73 88.63 90.52 92.41 94.28 96.15 98.00 99.85 101.69 103.51 105.32 107.12 108.91 110.68 112.44 114.18 115.92 117.63 119.34 121.02 122.70 124.36 126.00 127.63 129.25 130.85 132.43 134.01 135.56 137.11 138.63 140.15 141.65 143.14 144.61 146.07 147.52 148.96 150.38 151.79 153.19 154.58 155.96 157.34 158.70 160.05 161.39 162.73 164.06 165.38 166.69 167.99 169.29 170.59 171.87 173.15 174.43 175.70 176.96 178.22 179.47 180.72 181.97 183.21 184.45 185.68 186.91 188.14 189.36 190.58 191.80 193.02 194.23 195.44 196.65
77.50 79.42 81.34 83.26 85.17 87.07 88.97 90.86 92.74 94.61 96.47 98.32 100.16 101.99 103.81 105.61 107.40 109.17 110.93 112.68 114.41 116.13 117.84 119.53 121.20 122.86 124.50 126.13 127.75 129.35 130.93 132.50 134.05 135.59 137.12 138.63 140.13 141.61 143.08 144.54 145.98 147.41 148.83 150.24 151.64 153.02 154.39 155.76 157.11 158.46 159.80 161.13 162.45 163.76 165.07 166.37 167.66 168.94 170.22 171.50 172.77 174.03 175.29 176.54 177.79 179.03 180.27 181.51 182.74 183.97 185.20 186.42 187.64 188.86 190.07 191.28 192.49 193.70 194.90
75.93 77.85 79.78 81.70 83.62 85.53 87.43 89.33 91.21 93.09 94.96 96.81 98.66 100.49 102.31 104.11 105.90 107.68 109.45 111.19 112.93 114.65 116.35 118.04 119.72 121.37 123.02 124.64 126.26 127.85 129.44 131.00 132.55 134.09 135.61 137.12 138.61 140.09 141.56 143.01 144.45 145.88 147.29 148.69 150.08 151.46 152.83 154.19 155.54 156.87 158.21 159.53 160.84 162.15 163.45 164.74 166.02 167.30 168.58 169.84 171.11 172.36 173.61 174.86 176.10 177.34 178.58 179.81 181.03 182.26 183.48 184.70 185.91 187.12 188.33 189.54 190.75 191.95 193.15
74.37 76.30 78.24 80.16 82.09 84.00 85.91 87.81 89.70 91.59 93.46 95.32 97.17 99.00 100.82 102.63 104.43 106.21 107.97 109.72 111.46 113.18 114.88 116.57 118.24 119.90 121.54 123.17 124.78 126.37 127.95 129.51 131.06 132.60 134.12 135.62 137.11 138.58 140.04 141.49 142.93 144.35 145.75 147.15 148.53 149.91 151.27 152.62 153.96 155.29 156.62 157.93 159.24 160.54 161.83 163.11 164.39 165.66 166.93 168.19 169.44 170.69 171.94 173.18 174.42 175.65 176.88 178.10 179.32 180.54 181.76 182.97 184.18 185.39 186.59 187.80 189.00 190.20 191.40
72.82 74.77 76.70 78.64 80.57 82.49 84.41 86.31 88.21 90.10 91.98 93.84 95.69 97.53 99.36 101.17 102.96 104.75 106.51 108.26 110.00 111.72 113.42 115.11 116.78 118.44 120.08 121.70 123.31 124.90 126.48 128.04 129.58 131.11 132.62 134.12 135.61 137.08 138.54 139.98 141.41 142.82 144.22 145.61 146.99 148.36 149.71 151.06 152.39 153.71 155.03 156.34 157.64 158.93 160.21 161.49 162.76 164.02 165.28 166.53 167.78 169.03 170.26 171.50 172.73 173.95 175.18 176.39 177.61 178.82 180.03 181.24 182.45 183.65 184.85 186.05 187.25 188.44 189.63
71.29 73.24 75.19 77.13 79.07 81.00 82.92 84.83 86.73 88.63 90.51 92.38 94.23 96.08 97.90 99.72 101.52 103.30 105.07 106.82 108.56 110.27 111.98 113.66 115.33 116.99 118.63 120.25 121.85 123.44 125.01 126.57 128.11 129.63 131.14 132.64 134.12 135.58 137.03 138.47 139.89 141.30 142.70 144.08 145.45 146.81 148.16 149.50 150.82 152.14 153.45 154.75 156.04 157.32 158.60 159.87 161.13 162.38 163.64 164.88 166.12 167.36 168.59 169.82 171.04 172.26 173.47 174.69 175.90 177.10 178.31 179.51 180.71 181.91 183.10 184.30 185.49 186.68 187.87
69.77 71.73 73.68 75.63 77.58 79.52 81.44 83.36 85.27 87.17 89.06 90.93 92.79 94.64 96.47 98.29 100.09 101.87 103.64 105.39 107.13 108.85 110.55 112.23 113.90 115.55 117.18 118.80 120.40 121.99 123.56 125.11 126.64 128.16 129.67 131.16 132.63 134.09 135.53 136.97 138.38 139.78 141.17 142.55 143.92 145.27 146.61 147.94 149.26 150.57 151.87 153.16 154.44 155.71 156.98 158.24 159.50 160.75 161.99 163.23 164.46 165.69 166.91 168.13 169.35 170.56 171.77 172.97 174.18 175.38 176.58 177.77 178.97 180.16 181.35 182.54 183.73 184.91 186.10
68.27 70.23 72.20 74.15 76.11 78.05 79.99 81.92 83.83 85.74 87.63 89.51 91.37 93.22 95.05 96.87 98.67 100.46 102.23 103.98 105.71 107.43 109.13 110.81 112.48 114.13 115.76 117.37 118.97 120.55 122.11 123.66 125.19 126.70 128.20 129.68 131.15 132.60 134.04 135.47 136.88 138.27 139.66 141.03 142.38 143.73 145.06 146.38 147.70 149.00 150.29 151.57 152.84 154.11 155.37 156.62 157.87 159.11 160.34 161.57 162.80 164.02 165.23 166.45 167.65 168.86 170.06 171.26 172.46 173.65 174.84 176.03 177.22 178.41 179.59 180.78 181.96 183.14 184.32
66.77 68.75 70.72 72.69 74.65 76.60 78.55 80.48 82.41 84.32 86.21 88.10 89.97 91.82 93.65 95.47 97.28 99.06 100.83 102.58 104.32 106.03 107.73 109.41 111.07 112.71 114.34 115.95 117.54 119.12 120.67 122.21 123.74 125.25 126.74 128.22 129.68 131.12 132.56 133.97 135.38 136.77 138.14 139.50 140.85 142.19 143.52 144.83 146.14 147.43 148.71 149.99 151.25 152.51 153.76 155.00 156.24 157.47 158.70 159.92 161.13 162.35 163.55 164.76 165.96 167.16 168.35 169.54 170.73 171.92 173.11 174.29 175.47 176.65 177.83 179.01 180.19 181.37 182.54
65.29 67.28 69.26 71.24 73.21 75.17 77.13 79.07 81.00 82.92 84.82 86.71 88.58 90.43 92.27 94.09 95.90 97.68 99.45 101.20 102.93 104.64 106.34 108.02 109.67 111.31 112.94 114.54 116.13 117.69 119.25 120.78 122.30 123.80 125.29 126.76 128.21 129.65 131.07 132.48 133.88 135.26 136.63 137.98 139.33 140.66 141.97 143.28 144.58 145.86 147.14 148.40 149.66 150.91 152.15 153.38 154.61 155.83 157.05 158.26 159.47 160.67 161.87 163.07 164.26 165.45 166.64 167.82 169.01 170.19 171.36 172.54 173.72 174.89 176.07 177.24 178.41 179.59 180.76
63.82 65.82 67.82 69.81 71.79 73.76 75.73 77.68 79.61 81.54 83.44 85.33 87.21 89.07 90.91 92.73 94.53 96.32 98.09 99.83 101.56 103.27 104.96 106.64 108.29 109.93 111.54 113.14 114.72 116.28 117.83 119.36 120.87 122.36 123.84 125.30 126.75 128.18 129.60 131.00 132.39 133.76 135.12 136.47 137.80 139.12 140.43 141.73 143.02 144.29 145.56 146.82 148.07 149.30 150.54 151.76 152.98 154.19 155.40 156.60 157.80 159.00 160.19 161.37 162.56 163.74 164.92 166.10 167.27 168.45 169.62 170.79 171.96 173.13 174.30 175.47 176.63 177.80 178.97
62.37 64.38 66.39 68.39 70.39 72.37 74.34 76.30 78.25 80.17 82.09 83.98 85.86 87.72 89.56 91.38 93.19 94.97 96.74 98.48 100.21 101.92 103.60 105.27 106.92 108.55 110.16 111.75 113.33 114.88 116.42 117.94 119.45 120.93 122.40 123.86 125.30 126.72 128.13 129.52 130.90 132.26 133.61 134.95 136.28 137.59 138.89 140.18 141.46 142.73 143.98 145.23 146.47 147.70 148.92 150.14 151.35 152.55 153.75 154.95 156.13 157.32 158.50 159.68 160.86 162.03 163.20 164.37 165.54 166.70 167.87 169.03 170.20 171.36 172.52 173.68 174.85 176.01 177.17
60.93 62.96 64.98 67.00 69.01 71.00 72.98 74.95 76.90 78.83 80.75 82.65 84.53 86.39 88.23 90.06 91.86 93.64 95.41 97.15 98.87 100.57 102.26 103.92 105.56 107.19 108.79 110.38 111.94 113.49 115.02 116.54 118.03 119.51 120.97 122.42 123.85 125.26 126.66 128.04 129.41 130.77 132.11 133.44 134.75 136.06 137.35 138.63 139.90 141.16 142.41 143.64 144.87 146.10 147.31 148.52 149.72 150.91 152.10 153.28 154.46 155.64 156.81 157.98 159.15 160.31 161.48 162.64 163.80 164.96 166.11 167.27 168.43 169.58 170.74 171.90 173.05 174.21 175.37
59.51 61.56 63.60 65.63 67.65 69.65 71.64 73.62 75.58 77.52 79.44 81.34 83.22 85.09 86.93 88.75 90.55 92.33 94.09 95.83 97.55 99.25 100.92 102.58 104.22 105.84 107.43 109.01 110.57 112.11 113.64 115.14 116.63 118.10 119.55 120.98 122.40 123.81 125.20 126.57 127.93 129.28 130.61 131.93 133.23 134.53 135.81 137.08 138.34 139.59 140.83 142.06 143.28 144.49 145.69 146.89 148.08 149.27 150.45 151.62 152.79 153.96 155.12 156.28 157.44 158.59 159.75 160.90 162.05 163.20 164.35 165.50 166.66 167.81 168.96 170.11 171.26 172.41 173.56
58.12 60.18 62.24 64.28 66.31 68.33 70.33 72.31 74.28 76.22 78.15 80.05 81.94 83.80 85.64 87.46 89.26 91.04 92.79 94.53 96.24 97.93 99.61 101.26 102.89 104.50 106.09 107.66 109.21 110.74 112.26 113.75 115.23 116.69 118.13 119.56 120.97 122.36 123.74 125.10 126.45 127.79 129.11 130.42 131.71 133.00 134.27 135.53 136.78 138.02 139.25 140.46 141.68 142.88 144.07 145.26 146.44 147.62 148.79 149.95 151.11 152.27 153.42 154.57 155.72 156.87 158.02 159.16 160.30 161.45 162.59 163.73 164.88 166.02 167.16 168.31 169.45 170.60 171.75
56.75 58.83 60.90 62.96 65.01 67.04 69.05 71.04 73.01 74.95 76.88 78.79 80.67 82.54 84.38 86.19 87.99 89.76 91.51 93.24 94.95 96.64 98.30 99.95 101.57 103.17 104.75 106.32 107.86 109.38 110.89 112.37 113.84 115.29 116.72 118.14 119.54 120.92 122.29 123.64 124.98 126.30 127.61 128.91 130.19 131.47 132.73 133.98 135.22 136.44 137.66 138.87 140.07 141.27 142.45 143.63 144.80 145.96 147.12 148.28 149.43 150.58 151.72 152.87 154.00 155.14 156.28 157.41 158.55 159.69 160.82 161.96 163.09 164.23 165.37 166.51 167.65 168.79 169.93
55.41 57.51 59.60 61.68 63.73 65.77 67.79 69.79 71.76 73.71 75.64 77.55 79.43 81.29 83.13 84.95 86.74 88.51 90.25 91.98 93.68 95.36 97.01 98.65 100.26 101.86 103.43 104.98 106.52 108.03 109.52 111.00 112.46 113.90 115.32 116.72 118.11 119.48 120.84 122.18 123.51 124.82 126.12 127.40 128.68 129.94 131.19 132.43 133.65 134.87 136.08 137.28 138.47 139.65 140.82 141.99 143.15 144.31 145.46 146.60 147.74 148.88 150.02 151.15 152.28 153.41 154.54 155.66 156.79 157.92 159.05 160.17 161.30 162.43 163.56 164.70 165.83 166.97 168.10
54.10 56.23 58.33 60.42 62.49 64.54 66.56 68.57 70.54 72.50 74.43 76.33 78.22 80.08 81.91 83.72 85.51 87.27 89.01 90.72 92.42 94.09 95.74 97.37 98.97 100.56 102.12 103.66 105.18 106.69 108.17 109.63 111.08 112.51 113.92 115.31 116.69 118.05 119.39 120.72 122.04 123.34 124.62 125.90 127.16 128.41 129.65 130.87 132.09 133.30 134.49 135.68 136.86 138.03 139.19 140.35 141.50 142.65 143.79 144.92 146.05 147.18 148.31 149.43 150.55 151.67 152.79 153.91 155.03 156.15 157.27 158.39 159.51 160.63 161.75 162.88 164.01 165.14 166.27
52.84 54.98 57.10 59.21 61.29 63.34 65.37 67.38 69.36 71.31 73.24 75.15 77.03 78.88 80.71 82.51 84.29 86.05 87.78 89.49 91.18 92.84 94.48 96.09 97.69 99.26 100.82 102.35 103.86 105.35 106.82 108.28 109.71 111.13 112.52 113.90 115.27 116.62 117.95 119.27 120.57 121.86 123.13 124.39 125.64 126.88 128.10 129.32 130.52 131.72 132.90 134.08 135.25 136.41 137.56 138.70 139.84 140.98 142.11 143.23 144.36 145.47 146.59 147.70 148.82 149.93 151.04 152.15 153.26 154.37 155.48 156.59 157.70 158.82 159.94 161.06 162.18 163.30 164.43
51.62 53.78 55.92 58.03 60.12 62.18 64.21 66.22 68.20 70.16 72.08 73.98 75.86 77.71 79.53 81.33 83.10 84.85 86.57 88.27 89.95 91.60 93.23 94.84 96.42 97.98 99.52 101.04 102.54 104.02 105.48 106.92 108.34 109.75 111.13 112.50 113.85 115.19 116.51 117.81 119.10 120.38 121.64 122.89 124.12 125.35 126.56 127.76 128.95 130.14 131.31 132.47 133.63 134.78 135.92 137.05 138.18 139.31 140.43 141.54 142.65 143.76 144.87 145.97 147.07 148.18 149.28 150.38 151.48 152.58 153.69 154.79 155.90 157.00 158.11 159.23 160.34 161.46 162.58
50.45 52.63 54.78 56.90 58.99 61.06 63.09 65.10 67.08 69.03 70.95 72.85 74.72 76.56 78.37 80.16 81.93 83.66 85.38 87.07 88.73 90.37 91.99 93.59 95.16 96.71 98.24 99.75 101.24 102.70 104.15 105.58 106.99 108.38 109.75 111.10 112.44 113.76 115.07 116.36 117.63 118.90 120.14 121.38 122.60 123.81 125.01 126.20 127.38 128.55 129.71 130.86 132.01 133.14 134.27 135.40 136.52 137.63 138.74 139.84 140.94 142.04 143.14 144.23 145.33 146.42 147.51 148.60 149.70 150.79 151.89 152.98 154.08 155.18 156.29 157.39 158.50 159.61 160.73
49.34 51.53 53.69 55.82 57.91 59.98 62.01 64.02 65.99 67.93 69.85 71.74 73.60 75.43 77.24 79.02 80.77 82.50 84.20 85.88 87.53 89.16 90.77 92.35 93.91 95.45 96.97 98.46 99.94 101.39 102.82 104.24 105.63 107.01 108.37 109.71 111.03 112.34 113.63 114.91 116.17 117.42 118.65 119.87 121.08 122.28 123.46 124.64 125.81 126.96 128.11 129.25 130.38 131.51 132.63 133.74 134.84 135.95 137.04 138.14 139.23 140.32 141.40 142.49 143.57 144.65 145.74 146.82 147.91 148.99 150.08 151.17 152.26 153.35 154.45 155.55 156.65 157.76 158.87
48.29 50.49 52.65 54.78 56.88 58.94 60.97 62.97 64.93 66.87 68.78 70.65 72.51 74.33 76.12 77.89 79.63 81.35 83.04 84.71 86.35 87.96 89.56 91.13 92.68 94.20 95.70 97.18 98.64 100.08 101.50 102.90 104.28 105.64 106.99 108.31 109.62 110.91 112.19 113.45 114.70 115.93 117.15 118.36 119.56 120.74 121.91 123.08 124.23 125.37 126.51 127.63 128.75 129.87 130.97 132.07 133.17 134.26 135.34 136.42 137.50 138.58 139.66 140.73 141.81 142.88 143.96 145.03 146.11 147.19 148.26 149.35 150.43 151.52 152.61 153.70 154.79 155.89 157.00
47.31 49.51 51.67 53.80 55.89 57.94 59.96 61.95 63.91 65.83 67.73 69.60 71.44 73.25 75.03 76.78 78.51 80.22 81.89 83.55 85.17 86.78 88.36 89.91 91.45 92.96 94.45 95.91 97.36 98.78 100.19 101.57 102.94 104.28 105.61 106.92 108.21 109.49 110.75 112.00 113.23 114.45 115.66 116.85 118.03 119.20 120.36 121.51 122.64 123.77 124.90 126.01 127.12 128.22 129.31 130.40 131.48 132.56 133.64 134.71 135.78 136.84 137.91 138.97 140.04 141.10 142.17 143.23 144.30 145.37 146.44 147.52 148.59 149.67 150.75 151.84 152.93 154.02 155.12
46.41 48.60 50.76 52.87 54.95 56.99 59.00 60.97 62.92 64.83 66.71 68.56 70.39 72.18 73.95 75.69 77.41 79.10 80.76 82.40 84.01 85.60 87.17 88.71 90.23 91.72 93.20 94.65 96.08 97.49 98.87 100.24 101.59 102.92 104.24 105.53 106.81 108.07 109.32 110.55 111.76 112.97 114.16 115.34 116.50 117.65 118.80 119.93 121.06 122.17 123.28 124.38 125.47 126.56 127.64 128.72 129.79 130.86 131.92 132.98 134.04 135.09 136.15 137.20 138.26 139.31 140.37 141.43 142.49 143.55 144.61 145.68 146.75 147.82 148.90 149.98 151.06 152.15 153.24
45.58 47.76 49.90 52.00 54.06 56.08 58.07 60.03 61.96 63.85 65.72 67.56 69.36 71.14 72.90 74.62 76.32 78.00 79.64 81.27 82.86 84.44 85.99 87.51 89.02 90.49 91.95 93.39 94.80 96.19 97.57 98.92 100.25 101.57 102.86 104.14 105.40 106.65 107.88 109.09 110.29 111.48 112.66 113.82 114.97 116.11 117.23 118.35 119.46 120.56 121.66 122.74 123.82 124.90 125.97 127.03 128.09 129.14 130.20 131.25 132.29 133.34 134.38 135.43 136.47 137.52 138.56 139.61 140.66 141.72 142.77 143.83 144.89 145.96 147.03 148.10 149.18 150.26 151.35
44.82 46.98 49.10 51.17 53.21 55.21 57.18 59.12 61.03 62.90 64.75 66.57 68.36 70.12 71.86 73.57 75.25 76.91 78.54 80.14 81.72 83.28 84.81 86.32 87.81 89.27 90.71 92.13 93.53 94.91 96.26 97.60 98.91 100.21 101.49 102.75 104.00 105.23 106.44 107.64 108.82 109.99 111.15 112.29 113.43 114.55 115.66 116.77 117.86 118.95 120.03 121.10 122.17 123.23 124.28 125.33 126.38 127.42 128.46 129.50 130.54 131.57 132.61 133.64 134.68 135.71 136.75 137.79 138.83 139.88 140.92 141.98 143.03 144.09 145.15 146.22 147.29 148.37 149.45
