Experimentos/Mapas/kriging_ordinario_var.asc
NCOLS          450       
NROWS          450       
XLLCENTER      -8789850.00
YLLCENTER      45000.00  
DX             522.00    
DY             555.00    
NODATA_VALUE   -999.00   
[rows 350 to 384 of 450, columns 316 to 394 of 450]
1.34 2.07 4.71 6.60 7.75 8.20 7.94 6.96 5.25 2.78 0.57 3.71 6.42 8.72 10.66 12.31 13.73 14.97 16.10 17.15 18.18 19.20 20.24 21.30 22.39 23.49 24.59 25.67 26.73 27.75 28.71 29.62 30.47 31.24 31.94 32.55 33.09 33.54 33.90 34.19 34.38 34.49 34.52 34.46 34.31 34.09 33.77 33.38 32.90 32.34 31.69 30.96 30.15 29.24 28.23 27.13 25.92 24.60 23.15 21.56 19.82 17.92 15.84 13.57 11.08 8.37 5.40 2.18 1.33 4.19 6.31 7.68 8.31 8.21 7.37 5.79 3.47 0.47 3.09
3.33 3.58 5.32 6.92 7.97 8.41 8.19 7.32 5.85 4.05 3.22 4.72 6.89 8.92 10.66 12.14 13.39 14.48 15.47 16.42 17.38 18.36 19.41 20.50 21.64 22.80 23.97 25.13 26.26 27.35 28.38 29.34 30.24 31.06 31.80 32.45 33.02 33.50 33.89 34.20 34.42 34.56 34.61 34.58 34.46 34.25 33.96 33.59 33.14 32.59 31.97 31.25 30.45 29.55 28.56 27.46 26.25 24.92 23.47 21.88 20.14 18.24 16.18 13.93 11.50 8.91 6.24 3.90 3.43 5.01 6.71 7.90 8.44 8.32 7.54 6.16 4.38 3.12 4.22
5.76 5.80 6.66 7.71 8.53 8.91 8.80 8.22 7.28 6.35 6.06 6.78 8.12 9.57 10.91 12.07 13.05 13.90 14.70 15.50 16.37 17.32 18.37 19.51 20.73 21.98 23.24 24.49 25.71 26.87 27.97 29.00 29.95 30.81 31.59 32.28 32.89 33.40 33.82 34.16 34.40 34.56 34.64 34.63 34.53 34.35 34.09 33.74 33.31 32.79 32.18 31.49 30.71 29.83 28.86 27.78 26.60 25.29 23.87 22.31 20.62 18.79 16.82 14.72 12.52 10.30 8.25 6.75 6.33 6.93 7.88 8.64 8.98 8.81 8.18 7.19 6.16 5.66 6.26
7.42 7.39 7.86 8.56 9.18 9.56 9.60 9.32 8.85 8.42 8.33 8.72 9.49 10.40 11.26 12.01 12.64 13.19 13.74 14.36 15.12 16.04 17.13 18.35 19.67 21.04 22.42 23.77 25.09 26.34 27.51 28.60 29.61 30.52 31.34 32.07 32.70 33.24 33.69 34.05 34.32 34.50 34.60 34.61 34.54 34.38 34.15 33.82 33.42 32.92 32.35 31.68 30.93 30.08 29.14 28.10 26.95 25.70 24.33 22.84 21.24 19.53 17.71 15.82 13.91 12.07 10.48 9.35 8.87 8.97 9.34 9.65 9.72 9.47 8.92 8.21 7.58 7.36 7.81
8.27 8.22 8.57 9.13 9.71 10.15 10.38 10.39 10.25 10.11 10.11 10.33 10.72 11.17 11.58 11.90 12.12 12.31 12.54 12.94 13.59 14.50 15.67 17.03 18.49 20.01 21.53 23.01 24.43 25.77 27.02 28.18 29.23 30.19 31.04 31.80 32.46 33.03 33.50 33.88 34.17 34.38 34.50 34.53 34.48 34.35 34.14 33.84 33.46 33.00 32.45 31.82 31.10 30.29 29.39 28.40 27.31 26.12 24.82 23.43 21.95 20.37 18.74 17.07 15.43 13.89 12.58 11.61 11.04 10.81 10.76 10.70 10.48 10.07 9.49 8.86 8.37 8.23 8.62
8.31 8.28 8.65 9.28 9.98 10.59 11.03 11.29 11.40 11.44 11.49 11.58 11.70 11.79 11.79 11.67 11.45 11.21 11.07 11.20 11.74 12.71 14.03 15.58 17.25 18.96 20.63 22.24 23.77 25.20 26.52 27.73 28.83 29.82 30.71 31.49 32.18 32.76 33.25 33.65 33.96 34.19 34.32 34.38 34.35 34.25 34.06 33.79 33.44 33.01 32.50 31.90 31.22 30.46 29.61 28.68 27.65 26.54 25.34 24.05 22.69 21.27 19.81 18.34 16.92 15.60 14.46 13.54 12.87 12.40 12.02 11.63 11.12 10.47 9.72 8.98 8.43 8.28 8.65
7.53 7.54 8.10 8.99 9.96 10.83 11.52 12.01 12.31 12.49 12.56 12.56 12.47 12.26 11.89 11.35 10.66 9.92 9.30 9.10 9.55 10.66 12.26 14.10 16.03 17.94 19.78 21.52 23.15 24.65 26.03 27.29 28.42 29.44 30.35 31.15 31.85 32.45 32.95 33.36 33.69 33.93 34.09 34.16 34.15 34.07 33.91 33.67 33.35 32.95 32.47 31.92 31.29 30.58 29.78 28.91 27.96 26.93 25.83 24.66 23.43 22.15 20.85 19.56 18.30 17.13 16.08 15.18 14.41 13.74 13.10 12.40 11.60 10.65 9.60 8.57 7.77 7.48 7.90
5.93 6.02 7.01 8.38 9.74 10.93 11.88 12.58 13.05 13.32 13.40 13.33 13.08 12.63 11.95 11.03 9.87 8.54 7.29 6.58 6.99 8.47 10.51 12.73 14.94 17.05 19.04 20.89 22.59 24.15 25.57 26.86 28.01 29.05 29.97 30.78 31.48 32.08 32.60 33.02 33.35 33.60 33.78 33.87 33.88 33.82 33.68 33.47 33.18 32.82 32.38 31.87 31.29 30.63 29.90 29.09 28.22 27.28 26.28 25.22 24.11 22.97 21.81 20.66 19.54 18.47 17.48 16.56 15.71 14.88 14.01 13.06 11.95 10.67 9.23 7.73 6.44 5.85 6.41
3.55 3.83 5.70 7.75 9.56 11.06 12.23 13.10 13.68 14.02 14.11 13.98 13.61 12.99 12.08 10.85 9.28 7.39 5.30 3.67 4.19 6.47 9.11 11.70 14.14 16.40 18.49 20.40 22.15 23.73 25.17 26.46 27.62 28.65 29.56 30.37 31.07 31.67 32.18 32.61 32.95 33.21 33.39 33.50 33.53 33.49 33.38 33.20 32.94 32.61 32.21 31.75 31.21 30.61 29.94 29.20 28.41 27.56 26.65 25.70 24.71 23.70 22.67 21.64 20.62 19.63 18.67 17.74 16.82 15.86 14.83 13.66 12.31 10.72 8.88 6.80 4.68 3.37 4.39
1.32 2.11 5.10 7.61 9.69 11.36 12.67 13.64 14.30 14.67 14.77 14.60 14.16 13.42 12.37 10.98 9.19 6.99 4.34 1.20 2.28 5.52 8.51 11.25 13.77 16.07 18.17 20.09 21.83 23.40 24.82 26.09 27.23 28.25 29.14 29.93 30.62 31.21 31.71 32.14 32.48 32.74 32.94 33.06 33.11 33.09 33.00 32.84 32.61 32.32 31.96 31.54 31.05 30.50 29.89 29.23 28.51 27.75 26.94 26.09 25.21 24.31 23.39 22.46 21.54 20.62 19.69 18.76 17.79 16.76 15.61 14.31 12.79 11.01 8.93 6.49 3.65 0.37 3.08
3.81 4.12 6.14 8.36 10.33 11.98 13.29 14.27 14.94 15.32 15.41 15.23 14.75 13.98 12.90 11.50 9.75 7.70 5.48 3.73 4.17 6.40 8.98 11.51 13.89 16.09 18.11 19.96 21.64 23.16 24.53 25.76 26.86 27.84 28.70 29.46 30.12 30.69 31.18 31.59 31.93 32.20 32.40 32.53 32.60 32.59 32.53 32.40 32.20 31.94 31.62 31.24 30.80 30.30 29.75 29.16 28.51 27.83 27.11 26.37 25.59 24.79 23.98 23.15 22.30 21.45 20.57 19.65 18.68 17.61 16.42 15.07 13.51 11.71 9.66 7.38 5.07 3.65 4.75
6.93 7.07 8.23 9.84 11.46 12.91 14.11 15.03 15.66 16.01 16.09 15.90 15.43 14.68 13.66 12.37 10.86 9.21 7.68 6.76 7.00 8.34 10.26 12.35 14.43 16.42 18.28 20.00 21.57 23.00 24.30 25.46 26.49 27.41 28.23 28.94 29.57 30.11 30.58 30.98 31.31 31.57 31.78 31.92 32.00 32.02 31.97 31.87 31.70 31.47 31.18 30.84 30.44 29.99 29.50 28.97 28.40 27.80 27.17 26.51 25.83 25.13 24.41 23.68 22.92 22.14 21.31 20.44 19.49 18.44 17.27 15.96 14.47 12.81 11.02 9.20 7.66 6.97 7.60
9.79 9.85 10.57 11.68 12.91 14.09 15.10 15.90 16.45 16.76 16.81 16.61 16.17 15.48 14.57 13.47 12.24 11.01 9.97 9.43 9.60 10.48 11.86 13.51 15.24 16.96 18.61 20.16 21.59 22.90 24.09 25.16 26.12 26.97 27.72 28.38 28.96 29.46 29.90 30.28 30.60 30.86 31.06 31.21 31.31 31.34 31.32 31.24 31.10 30.90 30.64 30.34 29.98 29.58 29.14 28.66 28.16 27.63 27.08 26.51 25.93 25.32 24.70 24.06 23.39 22.69 21.94 21.13 20.25 19.26 18.17 16.96 15.63 14.19 12.73 11.38 10.36 9.99 10.47
12.34 12.37 12.82 13.58 14.49 15.39 16.19 16.84 17.29 17.53 17.55 17.35 16.94 16.33 15.55 14.64 13.67 12.76 12.04 11.69 11.83 12.45 13.47 14.75 16.15 17.60 19.02 20.38 21.65 22.82 23.89 24.85 25.71 26.48 27.15 27.75 28.27 28.73 29.14 29.49 29.79 30.05 30.26 30.42 30.53 30.58 30.58 30.52 30.40 30.23 30.00 29.73 29.40 29.04 28.64 28.22 27.78 27.32 26.84 26.36 25.87 25.36 24.84 24.30 23.73 23.12 22.46 21.74 20.94 20.06 19.09 18.03 16.88 15.71 14.56 13.57 12.90 12.72 13.13
14.61 14.60 14.89 15.41 16.05 16.71 17.32 17.81 18.15 18.31 18.29 18.09 17.71 17.17 16.50 15.76 14.99 14.31 13.80 13.56 13.67 14.14 14.91 15.90 17.04 18.23 19.44 20.61 21.71 22.74 23.67 24.52 25.27 25.94 26.53 27.05 27.51 27.91 28.28 28.60 28.89 29.14 29.35 29.52 29.65 29.72 29.74 29.71 29.61 29.46 29.26 29.00 28.71 28.37 28.02 27.64 27.25 26.85 26.45 26.05 25.65 25.24 24.83 24.39 23.92 23.42 22.86 22.25 21.57 20.82 19.99 19.09 18.16 17.22 16.35 15.65 15.22 15.16 15.54
16.59 16.57 16.74 17.08 17.52 17.98 18.41 18.76 18.98 19.07 19.00 18.78 18.42 17.93 17.36 16.73 16.12 15.59 15.20 15.04 15.13 15.49 16.08 16.87 17.79 18.78 19.79 20.78 21.73 22.61 23.41 24.13 24.77 25.33 25.82 26.26 26.64 26.99 27.31 27.61 27.88 28.12 28.34 28.53 28.67 28.77 28.81 28.80 28.73 28.59 28.41 28.17 27.89 27.58 27.25 26.91 26.56 26.22 25.89 25.58 25.27 24.96 24.65 24.32 23.97 23.58 23.15 22.66 22.11 21.50 20.82 20.11 19.37 18.65 18.02 17.53 17.27 17.31 17.69
18.32 18.27 18.36 18.57 18.85 19.15 19.43 19.64 19.75 19.76 19.63 19.39 19.03 18.57 18.06 17.52 17.00 16.56 16.25 16.12 16.19 16.48 16.96 17.60 18.36 19.18 20.03 20.87 21.66 22.41 23.07 23.67 24.19 24.63 25.02 25.36 25.67 25.96 26.23 26.49 26.74 26.99 27.22 27.43 27.60 27.72 27.79 27.80 27.75 27.63 27.45 27.22 26.95 26.65 26.34 26.02 25.71 25.42 25.16 24.92 24.71 24.50 24.31 24.10 23.88 23.62 23.32 22.96 22.55 22.09 21.57 21.03 20.47 19.95 19.50 19.19 19.07 19.18 19.56
19.78 19.71 19.74 19.85 20.00 20.18 20.32 20.42 20.43 20.35 20.17 19.88 19.51 19.06 18.56 18.06 17.60 17.21 16.94 16.82 16.88 17.11 17.52 18.05 18.69 19.39 20.11 20.83 21.50 22.11 22.65 23.12 23.52 23.84 24.12 24.36 24.58 24.79 25.01 25.24 25.49 25.74 25.99 26.22 26.43 26.59 26.69 26.72 26.69 26.58 26.40 26.17 25.89 25.59 25.28 24.97 24.69 24.44 24.24 24.08 23.97 23.88 23.80 23.73 23.64 23.52 23.35 23.14 22.88 22.56 22.20 21.82 21.43 21.08 20.79 20.62 20.60 20.77 21.17
21.00 20.91 20.89 20.92 20.98 21.04 21.08 21.07 20.99 20.83 20.58 20.24 19.83 19.36 18.85 18.35 17.89 17.51 17.25 17.13 17.18 17.38 17.74 18.22 18.78 19.40 20.03 20.65 21.21 21.71 22.14 22.48 22.75 22.95 23.11 23.23 23.35 23.49 23.65 23.85 24.09 24.36 24.64 24.92 25.17 25.37 25.51 25.57 25.55 25.45 25.27 25.02 24.72 24.40 24.07 23.76 23.49 23.28 23.13 23.05 23.04 23.07 23.13 23.19 23.25 23.28 23.26 23.20 23.08 22.91 22.70 22.46 22.22 22.01 21.86 21.80 21.87 22.10 22.50
21.98 21.87 21.80 21.77 21.75 21.73 21.68 21.58 21.41 21.17 20.85 20.45 19.98 19.46 18.91 18.38 17.89 17.48 17.20 17.07 17.10 17.29 17.63 18.09 18.62 19.20 19.78 20.32 20.81 21.21 21.53 21.75 21.89 21.95 21.97 21.97 21.98 22.03 22.14 22.31 22.55 22.85 23.19 23.52 23.83 24.09 24.28 24.37 24.37 24.26 24.06 23.78 23.44 23.08 22.71 22.37 22.10 21.91 21.82 21.82 21.92 22.08 22.29 22.51 22.72 22.90 23.04 23.13 23.15 23.12 23.05 22.95 22.84 22.75 22.71 22.74 22.88 23.15 23.58
22.73 22.60 22.50 22.41 22.33 22.24 22.11 21.94 21.69 21.38 20.98 20.50 19.95 19.36 18.74 18.13 17.57 17.11 16.78 16.62 16.64 16.84 17.20 17.67 18.22 18.80 19.35 19.86 20.29 20.61 20.83 20.93 20.93 20.86 20.73 20.58 20.46 20.41 20.45 20.60 20.86 21.21 21.62 22.04 22.43 22.76 23.00 23.14 23.15 23.03 22.80 22.48 22.08 21.64 21.20 20.82 20.51 20.33 20.29 20.39 20.60 20.92 21.29 21.68 22.06 22.41 22.70 22.94 23.10 23.20 23.26 23.27 23.27 23.28 23.33 23.44 23.64 23.95 24.39
23.25 23.10 22.97 22.85 22.72 22.57 22.38 22.14 21.83 21.44 20.96 20.40 19.76 19.07 18.34 17.62 16.95 16.39 15.99 15.79 15.81 16.04 16.45 16.98 17.59 18.21 18.78 19.28 19.67 19.93 20.06 20.05 19.91 19.67 19.37 19.06 18.79 18.61 18.58 18.71 19.01 19.44 19.95 20.48 20.99 21.41 21.72 21.90 21.92 21.79 21.52 21.13 20.64 20.10 19.56 19.09 18.73 18.54 18.54 18.74 19.10 19.58 20.14 20.72 21.29 21.81 22.26 22.64 22.94 23.16 23.32 23.44 23.53 23.62 23.74 23.90 24.15 24.49 24.95
23.54 23.38 23.23 23.07 22.91 22.72 22.49 22.19 21.82 21.36 20.81 20.16 19.42 18.61 17.74 16.87 16.05 15.35 14.83 14.57 14.59 14.88 15.39 16.04 16.76 17.46 18.10 18.62 18.99 19.21 19.25 19.12 18.84 18.43 17.93 17.42 16.95 16.63 16.51 16.63 16.99 17.54 18.20 18.89 19.53 20.07 20.46 20.69 20.73 20.58 20.25 19.77 19.17 18.49 17.80 17.19 16.74 16.51 16.56 16.87 17.41 18.10 18.88 19.67 20.43 21.13 21.74 22.25 22.67 23.00 23.25 23.45 23.61 23.76 23.93 24.14 24.41 24.78 25.25
23.61 23.44 23.27 23.10 22.91 22.70 22.43 22.10 21.69 21.17 20.55 19.81 18.96 18.01 16.99 15.93 14.90 14.00 13.31 12.96 12.99 13.39 14.07 14.90 15.78 16.61 17.34 17.91 18.29 18.47 18.43 18.19 17.76 17.16 16.44 15.68 14.98 14.45 14.22 14.34 14.81 15.54 16.41 17.29 18.10 18.77 19.26 19.54 19.60 19.43 19.04 18.45 17.70 16.84 15.96 15.15 14.54 14.24 14.34 14.80 15.56 16.51 17.54 18.57 19.53 20.41 21.16 21.80 22.32 22.74 23.06 23.31 23.52 23.71 23.91 24.14 24.44 24.82 25.30
23.46 23.27 23.10 22.92 22.73 22.51 22.23 21.88 21.44 20.88 20.20 19.38 18.43 17.34 16.14 14.86 13.57 12.38 11.45 10.96 11.01 11.59 12.52 13.62 14.72 15.72 16.56 17.19 17.60 17.75 17.66 17.31 16.72 15.93 14.96 13.91 12.89 12.08 11.69 11.83 12.48 13.48 14.62 15.75 16.76 17.58 18.17 18.51 18.58 18.39 17.93 17.23 16.31 15.23 14.09 12.99 12.14 11.72 11.86 12.54 13.61 14.87 16.19 17.47 18.64 19.68 20.57 21.32 21.92 22.39 22.76 23.04 23.28 23.48 23.69 23.93 24.23 24.61 25.10
23.08 22.89 22.72 22.55 22.37 22.16 21.89 21.54 21.08 20.51 19.79 18.91 17.87 16.66 15.28 13.77 12.17 10.60 9.29 8.55 8.66 9.55 10.87 12.31 13.67 14.87 15.83 16.53 16.96 17.10 16.95 16.51 15.79 14.80 13.58 12.19 10.77 9.56 8.91 9.10 10.06 11.45 12.95 14.36 15.58 16.54 17.24 17.63 17.72 17.50 16.98 16.16 15.08 13.76 12.29 10.81 9.57 8.93 9.15 10.16 11.65 13.30 14.94 16.47 17.83 19.01 20.01 20.82 21.48 21.98 22.37 22.65 22.88 23.07 23.27 23.49 23.78 24.16 24.65
22.48 22.29 22.12 21.98 21.83 21.65 21.41 21.08 20.65 20.07 19.34 18.43 17.33 16.03 14.51 12.78 10.88 8.86 6.96 5.75 5.97 7.42 9.30 11.13 12.77 14.13 15.20 15.97 16.42 16.55 16.36 15.85 15.02 13.87 12.43 10.71 8.82 7.00 5.86 6.17 7.70 9.64 11.53 13.22 14.62 15.72 16.49 16.93 17.04 16.81 16.24 15.34 14.10 12.57 10.77 8.81 6.97 5.86 6.23 7.84 9.90 11.98 13.92 15.65 17.16 18.45 19.51 20.36 21.03 21.53 21.90 22.16 22.34 22.50 22.65 22.84 23.11 23.47 23.96
21.64 21.46 21.32 21.21 21.11 20.99 20.81 20.53 20.14 19.60 18.88 17.98 16.86 15.51 13.92 12.07 9.95 7.56 4.95 2.64 3.21 5.71 8.16 10.31 12.13 13.60 14.73 15.53 15.99 16.12 15.91 15.35 14.46 13.22 11.63 9.69 7.41 4.86 2.61 3.32 5.87 8.37 10.57 12.43 13.95 15.13 15.96 16.44 16.57 16.35 15.76 14.81 13.50 11.82 9.78 7.40 4.79 2.56 3.41 6.06 8.71 11.13 13.27 15.13 16.71 18.03 19.10 19.95 20.59 21.05 21.36 21.56 21.68 21.76 21.84 21.98 22.19 22.53 23.02
20.57 20.39 20.29 20.25 20.22 20.18 20.09 19.89 19.57 19.09 18.43 17.56 16.47 15.14 13.57 11.73 9.62 7.21 4.50 1.73 2.52 5.32 7.84 10.01 11.83 13.30 14.44 15.23 15.69 15.81 15.59 15.03 14.12 12.87 11.27 9.33 7.02 4.37 1.65 2.62 5.43 7.99 10.20 12.07 13.60 14.80 15.65 16.16 16.32 16.12 15.56 14.63 13.33 11.65 9.60 7.17 4.39 1.62 2.79 5.75 8.51 10.96 13.11 14.96 16.52 17.80 18.83 19.61 20.19 20.57 20.79 20.88 20.89 20.87 20.85 20.90 21.05 21.35 21.82
19.26 19.09 19.05 19.09 19.17 19.24 19.26 19.18 18.96 18.56 17.98 17.18 16.16 14.91 13.43 11.73 9.83 7.79 5.81 4.46 4.73 6.34 8.30 10.18 11.83 13.21 14.30 15.06 15.51 15.62 15.40 14.85 13.97 12.79 11.30 9.56 7.63 5.71 4.43 4.78 6.43 8.42 10.35 12.06 13.52 14.68 15.54 16.08 16.27 16.13 15.64 14.79 13.60 12.08 10.25 8.20 6.17 4.85 5.31 7.15 9.35 11.50 13.45 15.15 16.59 17.76 18.68 19.37 19.82 20.08 20.18 20.13 20.00 19.83 19.68 19.60 19.66 19.91 20.37
17.69 17.55 17.57 17.73 17.95 18.18 18.34 18.40 18.30 18.02 17.53 16.83 15.90 14.76 13.42 11.92 10.31 8.72 7.37 6.60 6.74 7.69 9.09 10.59 12.02 13.26 14.26 14.98 15.40 15.51 15.30 14.77 13.95 12.86 11.55 10.08 8.58 7.30 6.59 6.77 7.77 9.20 10.77 12.27 13.62 14.73 15.59 16.15 16.41 16.34 15.96 15.25 14.25 12.98 11.51 9.98 8.64 7.93 8.18 9.30 10.88 12.58 14.20 15.66 16.90 17.90 18.67 19.20 19.52 19.62 19.55 19.34 19.02 18.67 18.33 18.10 18.04 18.21 18.66
15.85 15.74 15.87 16.18 16.59 17.01 17.35 17.57 17.61 17.46 17.08 16.48 15.66 14.63 13.43 12.10 10.73 9.46 8.46 7.94 8.02 8.68 9.74 10.97 12.22 13.34 14.27 14.95 15.35 15.45 15.25 14.75 13.98 12.98 11.80 10.54 9.35 8.40 7.93 8.05 8.76 9.87 11.18 12.52 13.78 14.87 15.74 16.35 16.68 16.72 16.47 15.94 15.16 14.18 13.08 11.99 11.12 10.69 10.86 11.59 12.70 13.96 15.23 16.40 17.40 18.19 18.77 19.13 19.26 19.19 18.93 18.51 17.98 17.39 16.83 16.39 16.16 16.25 16.69
13.74 13.66 13.94 14.47 15.12 15.77 16.32 16.72 16.91 16.88 16.62 16.12 15.40 14.46 13.35 12.13 10.89 9.75 8.88 8.44 8.51 9.08 10.01 11.14 12.30 13.38 14.27 14.93 15.32 15.42 15.22 14.74 14.00 13.03 11.91 10.74 9.66 8.84 8.43 8.54 9.16 10.16 11.39 12.69 13.93 15.05 15.96 16.64 17.06 17.22 17.12 16.78 16.23 15.52 14.74 14.00 13.43 13.17 13.29 13.78 14.55 15.46 16.40 17.28 18.02 18.60 18.97 19.13 19.07 18.80 18.33 17.68 16.90 16.04 15.20 14.49 14.04 14.01 14.46
11.34 11.31 11.80 12.63 13.59 14.51 15.29 15.87 16.22 16.31 16.15 15.74 15.09 14.22 13.15 11.95 10.70 9.52 8.59 8.11 8.20 8.82 9.83 11.02 12.23 13.33 14.24 14.91 15.30 15.40 15.21 14.72 13.96 12.98 11.83 10.61 9.45 8.56 8.11 8.23 8.91 10.01 11.32 12.70 14.03 15.22 16.21 16.99 17.52 17.81 17.86 17.70 17.37 16.91 16.39 15.90 15.53 15.37 15.46 15.79 16.32 16.95 17.61 18.22 18.73 19.08 19.24 19.20 18.95 18.47 17.79 16.90 15.85 14.69 13.50 12.43 11.69 11.48 11.96
8.64 8.67 9.50 10.76 12.10 13.32 14.33 15.08 15.56 15.76 15.68 15.34 14.75 13.90 12.84 11.58 10.20 8.81 7.62 6.95 7.08 7.95 9.23 10.65 12.01 13.20 14.17 14.87 15.29 15.40 15.20 14.70 13.90 12.85 11.58 10.18 8.77 7.58 6.95 7.12 8.05 9.45 11.03 12.61 14.09 15.40 16.51 17.39 18.04 18.45 18.66 18.67 18.52 18.26 17.95 17.65 17.42 17.33 17.39 17.61 17.96 18.37 18.80 19.18 19.46 19.60 19.56 19.34 18.89 18.23 17.34 16.22 14.91 13.42 11.84 10.31 9.12 8.67 9.23
