Experimentos/Mapas/kriging_ordinario.asc
NCOLS          450       
NROWS          450       
XLLCENTER      -8789850.00
YLLCENTER      45000.00  
DX             522.00    
DY             555.00    
NODATA_VALUE   -999.00   
[rows 288 to 319 of 450, columns 213 to 283 of 450]
211.87 211.94 212.02 212.10 212.19 212.29 212.40 212.53 212.67 212.83 213.03 213.27 213.55 213.91 214.33 214.84 215.43 216.07 216.70 217.36 218.08 218.86 219.69 220.56 221.44 222.29 223.07 223.64 223.94 224.11 224.23 224.30 224.35 224.37 224.38 224.38 224.37 224.36 224.36 224.36 224.38 224.40 224.44 224.48 224.53 224.54 224.40 224.11 223.75 223.40 223.06 222.74 222.45 222.18 221.94 221.77 221.70 221.70 221.74 221.80 221.87 221.96 222.07 222.19 222.38 222.69 223.16 223.69 224.26 224.84 225.45
212.11 212.19 212.28 212.36 212.46 212.55 212.65 212.76 212.88 213.01 213.16 213.35 213.59 213.89 214.26 214.72 215.26 215.88 216.55 217.29 218.09 218.96 219.87 220.80 221.72 222.59 223.36 223.95 224.36 224.63 224.80 224.91 224.97 224.99 225.00 224.99 224.97 224.94 224.92 224.90 224.89 224.89 224.89 224.89 224.87 224.80 224.65 224.41 224.11 223.79 223.47 223.17 222.89 222.64 222.43 222.27 222.18 222.14 222.15 222.18 222.23 222.30 222.39 222.52 222.71 222.99 223.35 223.79 224.27 224.77 225.30
212.34 212.43 212.53 212.62 212.72 212.81 212.90 212.98 213.07 213.16 213.27 213.40 213.57 213.80 214.10 214.50 215.00 215.60 216.31 217.11 218.01 218.97 219.97 220.98 221.96 222.87 223.66 224.31 224.78 225.12 225.34 225.47 225.55 225.57 225.57 225.55 225.52 225.47 225.43 225.39 225.35 225.31 225.28 225.23 225.16 225.06 224.89 224.68 224.41 224.13 223.85 223.58 223.32 223.09 222.90 222.75 222.65 222.60 222.58 222.59 222.63 222.68 222.77 222.89 223.06 223.29 223.59 223.93 224.32 224.74 225.18
212.56 212.67 212.77 212.88 212.97 213.07 213.15 213.21 213.27 213.32 213.36 213.43 213.52 213.66 213.88 214.20 214.65 215.24 215.98 216.85 217.84 218.91 220.02 221.13 222.20 223.17 224.02 224.71 225.24 225.61 225.86 226.01 226.09 226.12 226.11 226.07 226.02 225.96 225.89 225.83 225.76 225.69 225.62 225.54 225.43 225.30 225.14 224.93 224.70 224.45 224.20 223.96 223.73 223.53 223.36 223.22 223.12 223.06 223.03 223.03 223.06 223.10 223.18 223.28 223.43 223.62 223.85 224.12 224.42 224.75 225.10
212.78 212.90 213.02 213.13 213.24 213.33 213.41 213.46 213.49 213.49 213.47 213.45 213.46 213.50 213.62 213.84 214.22 214.79 215.56 216.52 217.63 218.83 220.06 221.29 222.46 223.52 224.44 225.18 225.74 226.14 226.39 226.54 226.61 226.63 226.60 226.55 226.48 226.40 226.31 226.22 226.12 226.03 225.92 225.81 225.69 225.54 225.37 225.18 224.97 224.75 224.53 224.32 224.12 223.95 223.80 223.68 223.59 223.53 223.50 223.50 223.52 223.56 223.62 223.71 223.83 223.98 224.16 224.36 224.58 224.82 225.07
213.00 213.13 213.26 213.39 213.51 213.61 213.69 213.74 213.74 213.69 213.61 213.51 213.41 213.34 213.34 213.44 213.72 214.24 215.06 216.12 217.38 218.73 220.12 221.49 222.78 223.95 224.95 225.74 226.32 226.70 226.94 227.06 227.11 227.11 227.06 226.99 226.90 226.80 226.69 226.57 226.45 226.33 226.20 226.07 225.93 225.77 225.60 225.42 225.23 225.04 224.85 224.67 224.51 224.36 224.23 224.13 224.06 224.01 223.99 223.98 224.00 224.04 224.09 224.17 224.26 224.38 224.52 224.66 224.81 224.97 225.12
213.21 213.36 213.50 213.65 213.79 213.91 214.01 214.06 214.05 213.96 213.80 213.62 213.43 213.24 213.08 213.02 213.15 213.60 214.47 215.70 217.14 218.68 220.23 221.74 223.17 224.47 225.57 226.40 226.96 227.30 227.48 227.57 227.59 227.56 227.49 227.40 227.29 227.16 227.03 226.89 226.75 226.61 226.46 226.31 226.15 225.99 225.83 225.66 225.49 225.32 225.16 225.01 224.87 224.76 224.66 224.58 224.53 224.50 224.48 224.49 224.51 224.55 224.60 224.67 224.75 224.84 224.95 225.05 225.15 225.22 225.28
213.42 213.58 213.74 213.90 214.06 214.22 214.35 214.44 214.42 214.28 214.06 213.81 213.53 213.24 212.95 212.69 212.57 212.86 213.83 215.32 217.00 218.72 220.42 222.06 223.62 225.06 226.29 227.17 227.65 227.89 228.01 228.04 228.03 227.97 227.88 227.77 227.64 227.49 227.34 227.18 227.02 226.86 226.69 226.53 226.36 226.20 226.04 225.88 225.73 225.59 225.46 225.34 225.23 225.15 225.08 225.03 225.00 224.99 225.00 225.02 225.05 225.10 225.15 225.21 225.28 225.37 225.46 225.55 225.61 225.63 225.61
213.63 213.80 213.97 214.15 214.33 214.51 214.69 214.86 214.87 214.65 214.39 214.09 213.77 213.42 213.04 212.62 212.19 212.03 213.30 215.19 217.09 218.94 220.73 222.44 224.09 225.65 227.09 228.04 228.31 228.42 228.46 228.46 228.41 228.33 228.23 228.10 227.95 227.79 227.62 227.45 227.27 227.09 226.91 226.73 226.56 226.40 226.24 226.10 225.97 225.85 225.75 225.66 225.59 225.53 225.50 225.48 225.48 225.49 225.52 225.57 225.62 225.68 225.75 225.81 225.88 225.97 226.08 226.17 226.22 226.22 226.15
213.83 214.01 214.20 214.38 214.58 214.77 214.97 215.16 215.21 214.99 214.74 214.47 214.18 213.85 213.48 213.06 212.61 212.35 213.70 215.64 217.56 219.40 221.18 222.88 224.51 226.07 227.53 228.48 228.70 228.78 228.81 228.80 228.74 228.65 228.54 228.40 228.24 228.06 227.88 227.69 227.49 227.29 227.10 226.92 226.74 226.58 226.43 226.30 226.19 226.10 226.03 225.97 225.94 225.92 225.92 225.93 225.96 226.01 226.07 226.14 226.22 226.30 226.40 226.49 226.57 226.68 226.82 226.93 227.01 227.02 226.97
214.03 214.22 214.41 214.60 214.80 214.99 215.18 215.32 215.37 215.29 215.13 214.95 214.74 214.51 214.27 214.04 213.93 214.20 215.20 216.72 218.41 220.11 221.77 223.37 224.89 226.30 227.51 228.35 228.78 228.97 229.05 229.06 229.01 228.93 228.81 228.67 228.50 228.32 228.12 227.91 227.70 227.49 227.28 227.09 226.91 226.74 226.61 226.49 226.41 226.34 226.30 226.28 226.28 226.30 226.34 226.39 226.45 226.53 226.62 226.73 226.84 226.96 227.09 227.23 227.37 227.52 227.68 227.83 227.95 228.03 228.06
214.23 214.43 214.62 214.81 215.01 215.20 215.37 215.52 215.60 215.61 215.58 215.52 215.45 215.38 215.32 215.34 215.51 215.99 216.87 218.10 219.52 221.01 222.49 223.93 225.28 226.50 227.53 228.30 228.80 229.08 229.22 229.26 229.24 229.17 229.06 228.91 228.74 228.55 228.34 228.12 227.90 227.67 227.45 227.24 227.05 226.89 226.77 226.67 226.61 226.58 226.57 226.59 226.63 226.68 226.76 226.84 226.95 227.06 227.19 227.34 227.49 227.65 227.83 228.01 228.21 228.42 228.63 228.84 229.04 229.21 229.35
214.44 214.63 214.83 215.03 215.22 215.41 215.59 215.76 215.89 216.00 216.10 216.18 216.26 216.37 216.51 216.74 217.11 217.69 218.52 219.57 220.77 222.03 223.31 224.55 225.72 226.78 227.67 228.37 228.87 229.19 229.37 229.45 229.45 229.40 229.29 229.15 228.98 228.78 228.56 228.33 228.09 227.84 227.61 227.38 227.19 227.03 226.91 226.83 226.80 226.80 226.84 226.89 226.97 227.07 227.18 227.31 227.45 227.60 227.77 227.95 228.15 228.36 228.59 228.83 229.08 229.35 229.64 229.93 230.22 230.51 230.79
214.65 214.85 215.05 215.25 215.45 215.64 215.84 216.04 216.24 216.44 216.66 216.89 217.14 217.43 217.76 218.17 218.69 219.34 220.12 221.04 222.05 223.11 224.19 225.24 226.24 227.14 227.92 228.54 229.01 229.33 229.54 229.64 229.66 229.62 229.52 229.38 229.21 229.01 228.78 228.53 228.28 228.01 227.76 227.52 227.31 227.14 227.03 226.98 226.98 227.02 227.10 227.20 227.32 227.46 227.61 227.78 227.96 228.15 228.36 228.58 228.82 229.08 229.35 229.65 229.97 230.31 230.67 231.05 231.45 231.86 232.29
214.87 215.08 215.29 215.49 215.69 215.89 216.11 216.34 216.61 216.92 217.26 217.64 218.05 218.51 219.02 219.59 220.23 220.93 221.68 222.48 223.33 224.21 225.10 225.98 226.82 227.58 228.24 228.80 229.22 229.53 229.74 229.85 229.88 229.85 229.76 229.62 229.45 229.24 229.01 228.75 228.48 228.20 227.92 227.65 227.42 227.24 227.14 227.11 227.16 227.25 227.37 227.52 227.68 227.86 228.05 228.25 228.47 228.70 228.94 229.21 229.49 229.79 230.12 230.47 230.85 231.26 231.70 232.17 232.68 233.22 233.79
215.11 215.33 215.54 215.75 215.96 216.17 216.39 216.66 216.99 217.40 217.87 218.39 218.96 219.57 220.24 220.97 221.73 222.49 223.20 223.88 224.57 225.28 226.01 226.73 227.43 228.07 228.64 229.12 229.50 229.79 229.98 230.09 230.12 230.10 230.01 229.88 229.71 229.50 229.25 228.99 228.70 228.40 228.09 227.79 227.52 227.32 227.22 227.24 227.34 227.49 227.66 227.86 228.06 228.27 228.50 228.73 228.98 229.25 229.53 229.83 230.15 230.50 230.87 231.27 231.71 232.18 232.69 233.25 233.86 234.52 235.23
215.37 215.60 215.83 216.05 216.26 216.48 216.70 216.98 217.36 217.88 218.49 219.14 219.84 220.59 221.40 222.27 223.18 224.02 224.67 225.21 225.74 226.30 226.89 227.48 228.06 228.60 229.08 229.50 229.83 230.09 230.26 230.37 230.40 230.37 230.29 230.16 229.99 229.77 229.53 229.26 228.96 228.64 228.31 227.97 227.65 227.39 227.29 227.38 227.55 227.76 227.99 228.22 228.46 228.70 228.96 229.22 229.50 229.79 230.11 230.44 230.79 231.18 231.59 232.04 232.52 233.05 233.63 234.26 234.95 235.71 236.54
215.65 215.90 216.14 216.38 216.61 216.84 217.07 217.31 217.72 218.40 219.13 219.89 220.69 221.54 222.45 223.44 224.49 225.53 226.05 226.39 226.79 227.23 227.71 228.20 228.68 229.14 229.55 229.91 230.20 230.43 230.59 230.68 230.71 230.68 230.60 230.47 230.29 230.08 229.84 229.56 229.26 228.93 228.59 228.22 227.85 227.48 227.36 227.58 227.84 228.10 228.36 228.62 228.88 229.15 229.43 229.72 230.02 230.34 230.67 231.03 231.42 231.83 232.28 232.76 233.29 233.86 234.48 235.17 235.92 236.75 237.67
215.96 216.22 216.49 216.75 217.02 217.28 217.55 217.84 218.30 219.03 219.82 220.64 221.49 222.40 223.36 224.37 225.45 226.48 226.99 227.31 227.66 228.04 228.45 228.88 229.29 229.69 230.04 230.35 230.61 230.81 230.95 231.03 231.05 231.02 230.93 230.80 230.63 230.43 230.19 229.91 229.62 229.30 228.95 228.59 228.23 227.87 227.76 227.98 228.25 228.52 228.79 229.06 229.34 229.62 229.91 230.21 230.53 230.87 231.22 231.60 232.01 232.45 232.92 233.43 233.98 234.58 235.24 235.96 236.75 237.60 238.55
216.28 216.57 216.86 217.16 217.47 217.79 218.14 218.55 219.08 219.76 220.54 221.37 222.24 223.16 224.11 225.09 226.05 226.90 227.51 227.96 228.35 228.73 229.12 229.50 229.88 230.23 230.54 230.82 231.04 231.22 231.34 231.41 231.42 231.38 231.30 231.18 231.01 230.81 230.57 230.31 230.03 229.72 229.41 229.09 228.78 228.55 228.48 228.58 228.78 229.02 229.28 229.54 229.82 230.10 230.40 230.71 231.04 231.39 231.76 232.15 232.57 233.02 233.51 234.04 234.61 235.22 235.89 236.62 237.41 238.26 239.18
216.61 216.93 217.26 217.60 217.96 218.34 218.76 219.25 219.82 220.50 221.26 222.08 222.94 223.84 224.76 225.67 226.54 227.32 227.96 228.48 228.92 229.33 229.72 230.09 230.44 230.76 231.05 231.29 231.50 231.65 231.76 231.82 231.82 231.78 231.70 231.58 231.42 231.22 231.00 230.75 230.48 230.20 229.92 229.65 229.41 229.25 229.19 229.24 229.38 229.58 229.81 230.06 230.32 230.60 230.90 231.21 231.54 231.90 232.27 232.67 233.10 233.55 234.05 234.58 235.16 235.77 236.44 237.16 237.93 238.75 239.61
216.95 217.31 217.67 218.06 218.46 218.90 219.38 219.91 220.52 221.20 221.96 222.76 223.60 224.47 225.34 226.20 227.01 227.76 228.40 228.96 229.44 229.87 230.27 230.64 230.98 231.28 231.55 231.78 231.97 232.11 232.21 232.25 232.25 232.21 232.13 232.01 231.85 231.67 231.45 231.22 230.98 230.73 230.48 230.25 230.06 229.93 229.88 229.91 230.01 230.17 230.37 230.59 230.84 231.11 231.40 231.71 232.04 232.38 232.76 233.16 233.58 234.04 234.54 235.06 235.63 236.24 236.89 237.58 238.32 239.08 239.87
217.30 217.69 218.09 218.51 218.96 219.44 219.97 220.54 221.17 221.87 222.61 223.40 224.22 225.05 225.89 226.71 227.48 228.20 228.85 229.42 229.93 230.39 230.80 231.17 231.51 231.81 232.07 232.28 232.46 232.59 232.67 232.71 232.71 232.67 232.58 232.46 232.31 232.14 231.94 231.72 231.50 231.27 231.05 230.86 230.70 230.59 230.54 230.56 230.64 230.77 230.94 231.14 231.37 231.62 231.90 232.19 232.51 232.85 233.22 233.61 234.03 234.49 234.97 235.49 236.04 236.63 237.25 237.91 238.60 239.31 240.03
217.65 218.06 218.50 218.96 219.45 219.97 220.53 221.13 221.79 222.49 223.23 224.00 224.80 225.61 226.42 227.21 227.96 228.66 229.31 229.89 230.41 230.89 231.31 231.69 232.03 232.33 232.59 232.80 232.97 233.09 233.16 233.20 233.19 233.14 233.06 232.94 232.80 232.63 232.44 232.24 232.03 231.83 231.64 231.46 231.32 231.23 231.18 231.19 231.25 231.36 231.50 231.68 231.89 232.12 232.38 232.67 232.97 233.30 233.66 234.04 234.45 234.89 235.35 235.85 236.38 236.94 237.54 238.15 238.80 239.45 240.10
217.99 218.43 218.90 219.39 219.92 220.47 221.06 221.69 222.36 223.07 223.81 224.58 225.36 226.15 226.94 227.70 228.44 229.13 229.77 230.37 230.90 231.39 231.83 232.22 232.56 232.86 233.12 233.33 233.49 233.60 233.67 233.70 233.69 233.64 233.55 233.44 233.29 233.13 232.95 232.77 232.57 232.39 232.21 232.06 231.93 231.85 231.80 231.80 231.84 231.93 232.05 232.21 232.40 232.61 232.86 233.12 233.41 233.73 234.07 234.43 234.82 235.24 235.69 236.17 236.67 237.20 237.75 238.33 238.92 239.52 240.12
218.32 218.79 219.29 219.81 220.36 220.95 221.57 222.22 222.91 223.62 224.36 225.13 225.90 226.68 227.45 228.20 228.93 229.61 230.26 230.85 231.40 231.90 232.35 232.75 233.10 233.41 233.66 233.87 234.03 234.14 234.20 234.22 234.20 234.15 234.06 233.95 233.81 233.65 233.48 233.30 233.12 232.94 232.78 232.64 232.52 232.44 232.39 232.38 232.41 232.48 232.59 232.73 232.89 233.09 233.31 233.56 233.83 234.13 234.45 234.79 235.16 235.56 235.98 236.43 236.90 237.40 237.92 238.45 239.00 239.55 240.09
218.64 219.13 219.65 220.21 220.79 221.40 222.04 222.72 223.42 224.15 224.89 225.66 226.43 227.20 227.96 228.70 229.42 230.10 230.75 231.35 231.91 232.42 232.88 233.29 233.65 233.96 234.22 234.43 234.58 234.69 234.75 234.76 234.74 234.67 234.58 234.46 234.32 234.17 234.00 233.83 233.66 233.49 233.34 233.20 233.09 233.01 232.96 232.94 232.96 233.01 233.10 233.22 233.37 233.54 233.75 233.97 234.23 234.50 234.80 235.12 235.47 235.84 236.24 236.66 237.10 237.56 238.04 238.53 239.03 239.54 240.03
218.93 219.45 220.00 220.58 221.19 221.83 222.50 223.19 223.91 224.65 225.40 226.17 226.94 227.70 228.46 229.20 229.92 230.61 231.26 231.87 232.44 232.96 233.43 233.85 234.22 234.54 234.80 235.00 235.15 235.25 235.31 235.31 235.28 235.21 235.11 234.99 234.85 234.69 234.52 234.35 234.19 234.02 233.88 233.74 233.63 233.55 233.50 233.47 233.48 233.52 233.59 233.69 233.82 233.98 234.16 234.37 234.60 234.85 235.13 235.43 235.75 236.09 236.46 236.85 237.25 237.68 238.12 238.57 239.03 239.49 239.95
219.21 219.75 220.33 220.94 221.57 222.24 222.93 223.64 224.38 225.13 225.89 226.66 227.44 228.20 228.96 229.71 230.42 231.12 231.77 232.39 232.97 233.50 233.99 234.42 234.80 235.13 235.39 235.60 235.75 235.84 235.88 235.87 235.83 235.75 235.64 235.51 235.37 235.21 235.04 234.87 234.70 234.54 234.40 234.26 234.15 234.07 234.01 233.98 233.97 234.00 234.06 234.14 234.25 234.39 234.55 234.73 234.94 235.17 235.43 235.70 235.99 236.31 236.65 237.00 237.38 237.77 238.18 238.59 239.01 239.43 239.85
219.46 220.03 220.63 221.27 221.93 222.62 223.34 224.07 224.83 225.59 226.37 227.15 227.93 228.70 229.46 230.21 230.93 231.63 232.30 232.93 233.52 234.06 234.56 235.01 235.40 235.74 236.01 236.21 236.35 236.44 236.46 236.45 236.39 236.29 236.18 236.04 235.88 235.72 235.54 235.37 235.20 235.04 234.89 234.76 234.65 234.56 234.49 234.45 234.44 234.45 234.49 234.56 234.65 234.77 234.92 235.08 235.27 235.47 235.70 235.95 236.22 236.50 236.81 237.13 237.48 237.84 238.21 238.59 238.97 239.36 239.74
219.70 220.29 220.92 221.58 222.28 222.99 223.73 224.49 225.26 226.04 226.83 227.62 228.41 229.19 229.96 230.71 231.44 232.15 232.82 233.47 234.07 234.63 235.15 235.61 236.02 236.36 236.64 236.85 236.98 237.05 237.06 237.02 236.94 236.83 236.70 236.55 236.38 236.21 236.03 235.86 235.69 235.52 235.37 235.24 235.12 235.02 234.95 234.90 234.88 234.88 234.90 234.96 235.03 235.14 235.26 235.40 235.57 235.75 235.96 236.18 236.42 236.68 236.95 237.24 237.55 237.88 238.22 238.57 238.93 239.28 239.63
219.90 220.53 221.19 221.88 222.60 223.35 224.11 224.89 225.68 226.48 227.28 228.09 228.89 229.68 230.46 231.22 231.96 232.67 233.36 234.01 234.63 235.20 235.74 236.22 236.65 237.01 237.30 237.50 237.62 237.67 237.66 237.59 237.49 237.37 237.22 237.05 236.87 236.69 236.51 236.32 236.15 235.98 235.82 235.68 235.56 235.46 235.38 235.32 235.28 235.27 235.29 235.33 235.39 235.47 235.58 235.71 235.85 236.01 236.19 236.39 236.60 236.83 237.08 237.34 237.62 237.91 238.23 238.55 238.88 239.20 239.52
